0.00000000	0.00000000	0.00000000	0.00000000	0.00000000	0.00000000	0.26740512	0.00000000	0.31636974	0.00000000	-0.00000000	0.00000000	2.46008280	4.37732920	0.00000000	0.00014025	0.61570166
0.00145533	0.36134180	0.22432234	0.11399181	0.00164360	0.09267777	0.24596970	0.00846937	0.31533864	-0.00003356	-0.00001268	-0.00000001	2.29732870	4.16665400	0.00044682	0.00014067	0.62589687
0.00312698	0.77639338	0.48652136	0.24478807	0.00715661	0.18996910	0.22400067	0.01840790	0.31698296	-0.00035715	-0.00005962	-0.00000008	2.17726740	3.92849760	0.00188980	0.00014827	0.63751929
0.00500849	1.24354940	0.78730683	0.39269067	0.01719491	0.28897934	0.20207172	0.02984673	0.32099438	-0.00156012	-0.00015487	-0.00000038	2.10102170	3.66519900	0.00444435	0.00018669	0.65006703
0.00709372	1.76128820	1.12718480	0.55784197	0.03210772	0.38712335	0.18085923	0.04275298	0.32596605	-0.00464867	-0.00031209	-0.00000112	2.05845710	3.37850680	0.00821184	0.00030196	0.66255035
0.00937687	2.32816680	1.50603930	0.73943336	0.05194139	0.48222053	0.16144767	0.05697212	0.32987187	-0.01106694	-0.00054245	-0.00000245	2.03332720	3.06917400	0.01331511	0.00055983	0.67353290
0.01185242	2.94281930	1.92263470	0.93499251	0.07647815	0.57255427	0.14530961	0.07218860	0.33066248	-0.02256859	-0.00085178	-0.00000436	2.00801130	2.73732380	0.01990867	0.00103297	0.68120101
0.01451517	3.60394880	2.37415170	1.14005470	0.10529815	0.65692826	0.13399904	0.08793602	0.32710154	-0.04092503	-0.00123742	-0.00000662	1.97130770	2.38413570	0.02816111	0.00177981	0.68364335
0.01736015	4.31032320	2.85592260	1.34847840	0.13785199	0.73468288	0.12849397	0.10366039	0.31915912	-0.06753923	-0.00168609	-0.00000894	1.92221570	2.01435540	0.03821072	0.00282057	0.67921780
0.02038262	5.06076810	3.36148130	1.55328180	0.17352999	0.80565772	0.12860089	0.11880679	0.30789335	-0.10310062	-0.00217503	-0.00001135	1.86824330	1.63812780	0.05010876	0.00411703	0.66690197
0.02357809	5.85416540	3.88295910	1.74767930	0.21171871	0.87010394	0.13300390	0.13289448	0.29495965	-0.14739679	-0.00267774	-0.00001439	1.81984040	1.27080210	0.06377093	0.00556243	0.64650638
0.02694227	6.68945180	4.41173840	1.92596830	0.25183868	0.92854889	0.13994577	0.14556259	0.28203026	-0.19933437	-0.00317243	-0.00001902	1.78492750	0.93053681	0.07895517	0.00698653	0.61868109
0.03047107	7.56561180	4.93921160	2.08408180	0.29336315	0.98165686	0.14788650	0.15658603	0.27034142	-0.25713865	-0.00364912	-0.00002625	1.76613490	0.63470601	0.09527256	0.00817845	0.58475714
0.03416059	8.48167670	5.45748950	2.21976440	0.33582200	1.03010440	0.15576268	0.16586903	0.26048639	-0.31865836	-0.00411081	-0.00003661	1.76102100	0.39653786	0.11223102	0.00892510	0.54647978
0.03800709	9.43671870	5.95992880	2.33243530	0.37879622	1.07448920	0.16296036	0.17342424	0.25247462	-0.38168393	-0.00456709	-0.00004992	1.76416570	0.22308468	0.12929631	0.00905838	0.50571582
0.04200700	10.42985000	6.44142700	2.42285830	0.42190908	1.11528840	0.16918970	0.17934470	0.24595637	-0.44421034	-0.00502387	-0.00006527	1.76956930	0.11488016	0.14595873	0.00850054	0.46421078
0.04615691	11.46022500	6.89848320	2.49272920	0.46481808	1.15284490	0.17436374	0.18377476	0.24046708	-0.50460475	-0.00547522	-0.00008119	1.77232940	0.06698278	0.16178197	0.00729709	0.42341850
0.05045355	12.52702900	7.32907550	2.54428170	0.50720998	1.18739000	0.17850863	0.18688435	0.23559207	-0.56167589	-0.00590096	-0.00009600	1.76932150	0.07075663	0.17643571	0.00562948	0.38442865
0.05489377	13.62948400	7.73242810	2.57996140	0.54879966	1.21907390	0.18170547	0.18884915	0.23103257	-0.61466343	-0.00627107	-0.00010796	1.75911850	0.11575508	0.18970546	0.00380494	0.34796422
0.05947457	14.76684300	8.10873130	2.60219080	0.58933160	1.24799830	0.18405591	0.18983724	0.22660643	-0.66317750	-0.00655458	-0.00011550	1.74155300	0.19128774	0.20148696	0.00222639	0.31442753
0.06419304	15.93838500	8.45886780	2.61322290	0.62858257	1.27424740	0.18566441	0.19000170	0.22222283	-0.70711558	-0.00672820	-0.00011756	1.71724780	0.28750157	0.21177285	0.00134949	0.28397032
0.06904641	17.14342200	8.78417340	2.61506740	0.66636415	1.29790750	0.18662784	0.18947776	0.21784689	-0.74657828	-0.00678058	-0.00011401	1.68718830	0.39598213	0.22063308	0.00163520	0.25656434
0.07403202	18.38128900	9.08624640	2.60947020	0.70252441	1.31907810	0.18703093	0.18838280	0.21346808	-0.78179583	-0.00671219	-0.00010576	1.65241620	0.50996443	0.22819110	0.00350611	0.23206484
0.07914728	19.65134800	9.36680580	2.59792260	0.73694843	1.33787780	0.18694708	0.18681754	0.20908263	-0.81307080	-0.00653230	-0.00009457	1.61388020	0.62428278	0.23460169	0.00731130	0.21026099
0.08438972	20.95298500	9.62759290	2.58168320	0.76955750	1.35444180	0.18644156	0.18486782	0.20468972	-0.84073740	-0.00625387	-0.00008255	1.57241000	0.73518565	0.24003223	0.01330216	0.19091128
0.08975695	22.28560600	9.87030650	2.56180440	0.80030665	1.36891790	0.18557179	0.18260665	0.20029282	-0.86513472	-0.00589168	-0.00007186	1.52872660	0.84010033	0.24464852	0.02162038	0.17376701
0.09524665	23.64863600	10.09656300	2.53916130	0.82918080	1.38146060	0.18438751	0.18009636	0.19590287	-0.88658983	-0.00546821	-0.00006448	1.48347230	0.93740274	0.24860415	0.03229809	0.15858730
0.10085662	25.04152400	10.30787400	2.51448110	0.85619019	1.39222290	0.18293625	0.17739021	0.19153412	-0.90540864	-0.00501716	-0.00006165	1.43722860	1.02621090	0.25203756	0.04526803	0.14514707
0.10658468	26.46373700	10.50563800	2.48837070	0.88136547	1.40135320	0.18126316	0.17453406	0.18719668	-0.92187184	-0.00457395	-0.00006349	1.39048790	1.10619490	0.25507656	0.06038040	0.13324045
0.11242878	27.91475800	10.69113500	2.46133650	0.90475342	1.40899950	0.17940386	0.17156823	0.18289711	-0.93623320	-0.00416608	-0.00006946	1.34363780	1.17741870	0.25783544	0.07742152	0.12268211
0.11838689	29.39408800	10.86553000	2.43379760	0.92641323	1.41530570	0.17738527	0.16852867	0.17864513	-0.94871978	-0.00381770	-0.00007906	1.29700650	1.24022290	0.26040233	0.09613025	0.11330754
0.12445707	30.90124200	11.02987900	2.40609940	0.94641339	1.42040340	0.17523366	0.16544701	0.17445430	-0.95953354	-0.00355724	-0.00009201	1.25090790	1.29514120	0.26283855	0.11621288	0.10497172
0.13063742	32.43575200	11.18513700	2.37852700	0.96482909	1.42440950	0.17297499	0.16235059	0.17033547	-0.96885349	-0.00341512	-0.00010835	1.20560780	1.34282860	0.26518856	0.13735934	0.09754734
0.13692612	33.99716200	11.33216400	2.35131390	0.98173985	1.42742960	0.17063102	0.15926284	0.16630030	-0.97683732	-0.00340975	-0.00012868	1.16132190	1.38399930	0.26748439	0.15925741	0.09092319
0.14332137	35.58503000	11.47173800	2.32464580	0.99722727	1.42955900	0.16822260	0.15620360	0.16236136	-0.98362386	-0.00353346	-0.00015345	1.11824350	1.41938610	0.26974496	0.18160434	0.08500250
0.14982147	37.19892800	11.60455600	2.29866640	1.01137320	1.43088710	0.16576938	0.15318922	0.15853297	-0.98933390	-0.00375138	-0.00018229	1.07654340	1.44971790	0.27197997	0.20411594	0.07970277
0.15642472	38.83843800	11.73125700	2.27348350	1.02425820	1.43150070	0.16328568	0.15023267	0.15482829	-0.99407179	-0.00401155	-0.00021413	1.03633870	1.47570940	0.27418958	0.22653145	0.07495475
0.16312949	40.50315600	11.85241900	2.24917200	1.03596070	1.43147990	0.16078256	0.14734384	0.15125616	-0.99792962	-0.00426514	-0.00024762	0.99769586	1.49804600	0.27636179	0.24861843	0.07069818
0.16993420	42.19268400	11.96857300	2.22577920	1.04655570	1.43089730	0.15827128	0.14452987	0.14782721	-1.00099010	-0.00448245	-0.00028105	0.96067101	1.51737810	0.27847681	0.27017724	0.06687903
0.17683727	43.90663600	12.08020100	2.20333180	1.05611460	1.42981710	0.15576249	0.14179563	0.14454794	-1.00332940	-0.00465032	-0.00031262	0.92528844	1.53432510	0.28051350	0.29104099	0.06344747
0.18383719	45.64463600	12.18773500	2.18184440	1.06470400	1.42829740	0.15326454	0.13914439	0.14141347	-1.00501850	-0.00476093	-0.00034153	0.89151724	1.54945080	0.28245297	0.31107591	0.06035645
0.19093249	47.40631700	12.29155600	2.16131860	1.07238610	1.42639000	0.15078424	0.13657793	0.13841228	-1.00612230	-0.00480571	-0.00036831	0.85929573	1.56324100	0.28428042	0.33018079	0.05756239
0.19812172	49.19131900	12.39200200	2.14174140	1.07922000	1.42414200	0.14832409	0.13409688	0.13553666	-1.00669660	-0.00478138	-0.00039344	0.82855746	1.57610990	0.28598653	0.34828317	0.05502853
0.20540346	50.99929000	12.48937300	2.12308690	1.08526210	1.42159190	0.14588637	0.13170102	0.13278524	-1.00678770	-0.00469276	-0.00041663	0.79925684	1.58841600	0.28756011	0.36533521	0.05272533
0.21277633	52.82988700	12.58393900	2.10532170	1.09056660	1.41876650	0.14347865	0.12938941	0.13015534	-1.00643590	-0.00454336	-0.00043680	0.77135886	1.60047550	0.28899075	0.38130861	0.05062755
0.22023896	54.68277200	12.67594100	2.08840830	1.09518610	1.41568600	0.14110734	0.12716016	0.12764011	-1.00567810	-0.00433362	-0.00045237	0.74480765	1.61256480	0.29027133	0.39619071	0.04871259
0.22779002	56.55761300	12.76559900	2.07230610	1.09917080	1.41236870	0.13877718	0.12501093	0.12523047	-1.00454790	-0.00406666	-0.00046219	0.71953432	1.62491590	0.29139538	0.40998657	0.04695958
0.23542820	58.45408200	12.85310700	2.05697040	1.10256950	1.40883340	0.13649389	0.12293894	0.12292419	-1.00307380	-0.00374737	-0.00046630	0.69549469	1.63771930	0.29235800	0.42271903	0.04535124
0.24315220	60.37186100	12.93864100	2.04235330	1.10542840	1.40510000	0.13426164	0.12094071	0.12071963	-1.00127990	-0.00337989	-0.00046515	0.67264087	1.65113240	0.29315393	0.43442311	0.04387380
0.25096075	62.31063500	13.02236500	2.02840410	1.10779100	1.40118850	0.13208144	0.11901261	0.11861422	-0.99918786	-0.00297192	-0.00045906	0.65091610	1.66528650	0.29377951	0.44514099	0.04251545
0.25885261	64.27009200	13.10442900	2.01507350	1.10969810	1.39711860	0.12995248	0.11715076	0.11660474	-0.99681822	-0.00254107	-0.00044863	0.63025751	1.68029890	0.29423730	0.45492063	0.04126519
0.26682654	66.24992700	13.18496800	2.00231730	1.11118810	1.39290860	0.12787355	0.11535118	0.11468521	-0.99419011	-0.00211552	-0.00043507	0.61059115	1.69626970	0.29453211	0.46381392	0.04011198
0.27488133	68.24983700	13.26410700	1.99009670	1.11229670	1.38857220	0.12584313	0.11361027	0.11284580	-0.99132201	-0.00172293	-0.00041875	0.59183155	1.71327040	0.29466603	0.47187338	0.03904492
0.28301576	70.26952100	13.34195000	1.97837450	1.11305630	1.38411660	0.12386389	0.11192476	0.11107796	-0.98823109	-0.00137424	-0.00039993	0.57391894	1.73134450	0.29464671	0.47914917	0.03805361
0.29122865	72.30868500	13.41859200	1.96711520	1.11349550	1.37954880	0.12193950	0.11029163	0.10937478	-0.98493293	-0.00106985	-0.00037963	0.55681082	1.75050870	0.29449250	0.48568779	0.03712795
0.29951880	74.36703300	13.49410900	1.95628250	1.11363980	1.37488420	0.12006973	0.10870820	0.10772967	-0.98144231	-0.00080805	-0.00036019	0.54045567	1.77075780	0.29422115	0.49153317	0.03625843
0.30788504	76.44427400	13.56856400	1.94583790	1.11351100	1.37014420	0.11825285	0.10717188	0.10613858	-0.97777308	-0.00058471	-0.00034444	0.52480756	1.79206300	0.29384293	0.49672811	0.03543652
0.31632622	78.54012100	13.64200700	1.93574170	1.11312800	1.36534850	0.11648844	0.10568042	0.10459396	-0.97393579	-0.00039080	-0.00033408	0.50982036	1.81437360	0.29336301	0.50131491	0.03465514
0.32484118	80.65428500	13.71447900	1.92595370	1.11250770	1.36051210	0.11477360	0.10423159	0.10309161	-0.96993741	-0.00021287	-0.00032926	0.49545468	1.83762920	0.29278367	0.50533644	0.03390984
0.33342876	82.78648100	13.78601600	1.91643520	1.11166540	1.35564200	0.11310644	0.10282326	0.10162878	-0.96578297	-0.00004373	-0.00032826	0.48167908	1.86177220	0.29210468	0.50883839	0.03319839
0.34208782	84.93642500	13.85665400	1.90714980	1.11061620	1.35073850	0.11148406	0.10145316	0.10020964	-0.96147673	0.00010227	-0.00032797	0.46847182	1.88674570	0.29133217	0.51186766	0.03251970
0.35081721	87.10383100	13.92643000	1.89806580	1.10937460	1.34579760	0.10990546	0.10011893	0.09883707	-0.95702330	0.00019426	-0.00032692	0.45581234	1.91250300	0.29047443	0.51446909	0.03187238
0.35961578	89.28841600	13.99537700	1.88916080	1.10795430	1.34081590	0.10836937	0.09881882	0.09751055	-0.95242680	0.00021251	-0.00032646	0.44367366	1.93900710	0.28954382	0.51668798	0.03125557
0.36848241	91.48989500	14.06353300	1.88042380	1.10636750	1.33579360	0.10687429	0.09755144	0.09622472	-0.94769060	0.00015747	-0.00032780	0.43201639	1.96622930	0.28855614	0.51857071	0.03066830
0.37741594	93.70798700	14.13093200	1.87184970	1.10462500	1.33073590	0.10541902	0.09631521	0.09497197	-0.94281983	0.00003503	-0.00033173	0.42080061	1.99413530	0.28752921	0.52016011	0.03010836
0.38641524	95.94240800	14.19760400	1.86343160	1.10273630	1.32565200	0.10400107	0.09510846	0.09375036	-0.93781996	-0.00015783	-0.00033900	0.41000136	2.02268360	0.28647964	0.52149146	0.02957344
0.39547915	98.19287200	14.26357700	1.85515800	1.10071020	1.32055130	0.10261879	0.09392969	0.09255558	-0.93269579	-0.00042755	-0.00034962	0.39959409	2.05183190	0.28541331	0.52259156	0.02906134
0.40460654	100.45910000	14.32887500	1.84701230	1.09855530	1.31543800	0.10127294	0.09277757	0.09138826	-0.92745192	-0.00077031	-0.00036335	0.38956930	2.08153760	0.28432743	0.52348302	0.02857023
0.41379624	102.74079000	14.39352200	1.83897600	1.09628080	1.31030840	0.09996242	0.09165093	0.09025284	-0.92209247	-0.00117202	-0.00037973	0.37991748	2.11176280	0.28322071	0.52418449	0.02809883
0.42304711	105.03768000	14.45753700	1.83103290	1.09389480	1.30515250	0.09868730	0.09054848	0.08915027	-0.91662109	-0.00161551	-0.00039759	0.37062643	2.14247090	0.28209233	0.52471065	0.02764555
0.43235798	107.34946000	14.52093900	1.82317080	1.09140470	1.29995950	0.09744793	0.08946905	0.08807696	-0.91104201	-0.00208252	-0.00041685	0.36167652	2.17362480	0.28094716	0.52507323	0.02720831
0.44172766	109.67584000	14.58374100	1.81538130	1.08881690	1.29472320	0.09624327	0.08841206	0.08702825	-0.90535954	-0.00255800	-0.00043727	0.35304557	2.20518870	0.27979439	0.52528140	0.02678514
0.45115500	112.01654000	14.64595300	1.80765930	1.08613690	1.28944390	0.09507185	0.08737737	0.08599888	-0.89957739	-0.00303350	-0.00045818	0.34470827	2.23712250	0.27864028	0.52534219	0.02637435
0.46063880	114.37125000	14.70758500	1.79999750	1.08336970	1.28412930	0.09393144	0.08636466	0.08498363	-0.89369711	-0.00350523	-0.00047922	0.33663868	2.26937850	0.27748725	0.52526048	0.02597558
0.47017786	116.73969000	14.76864800	1.79237950	1.08051950	1.27879350	0.09281689	0.08537322	0.08398691	-0.88771790	-0.00396809	-0.00050087	0.32882341	2.30191630	0.27633876	0.52504047	0.02559148
0.47977098	119.12155000	14.82916200	1.78478270	1.07758940	1.27345030	0.09172430	0.08440193	0.08301620	-0.88163925	-0.00441187	-0.00052313	0.32126008	2.33472880	0.27519465	0.52468677	0.02522498
0.48941695	121.51654000	14.88915500	1.77718730	1.07458110	1.26810730	0.09065656	0.08344952	0.08207373	-0.87546322	-0.00482297	-0.00054488	0.31395484	2.36782870	0.27405103	0.52420814	0.02487649
0.49911454	123.92433000	14.94864900	1.76958130	1.07149530	1.26277160	0.08961215	0.08251496	0.08115587	-0.86919395	-0.00519134	-0.00056400	0.30689160	2.40122900	0.27291475	0.52362032	0.02454387
0.50886251	126.34464000	15.00766200	1.76196000	1.06833240	1.25745170	0.08858388	0.08159746	0.08025622	-0.86283717	-0.00551675	-0.00057780	0.30003821	2.43493170	0.27179340	0.52294504	0.02422378
0.51865961	128.77715000	15.06620800	1.75431850	1.06509410	1.25214800	0.08756813	0.08069604	0.07937218	-0.85639670	-0.00580884	-0.00058455	0.29337696	2.46891860	0.27068412	0.52220868	0.02391421
0.52850459	131.22154000	15.12429500	1.74665010	1.06178410	1.24684930	0.08656731	0.07980935	0.07850690	-0.84987440	-0.00607767	-0.00058445	0.28691063	2.50317490	0.26958436	0.52143609	0.02361461
0.53839617	133.67751000	15.18193400	1.73895440	1.05840750	1.24154060	0.08558141	0.07893636	0.07766161	-0.84327223	-0.00631817	-0.00057942	0.28063053	2.53770060	0.26849523	0.52064366	0.02332472
0.54833307	136.14472000	15.23913200	1.73123950	1.05497020	1.23620470	0.08461027	0.07807681	0.07683186	-0.83659308	-0.00650640	-0.00057217	0.27451862	2.57248850	0.26741676	0.51983796	0.02304312
0.55831399	138.62287000	15.29589300	1.72351410	1.05147750	1.23082260	0.08365859	0.07723083	0.07601327	-0.82984112	-0.00661629	-0.00056474	0.26856929	2.60751160	0.26635056	0.51901777	0.02276716
0.56833763	141.11162000	15.35221500	1.71578040	1.04793380	1.22538020	0.08273099	0.07639850	0.07520553	-0.82302016	-0.00663769	-0.00055794	0.26278740	2.64273170	0.26530133	0.51817871	0.02249436
0.57840268	143.61066000	15.40809000	1.70803600	1.04434200	1.21987360	0.08182938	0.07557959	0.07440875	-0.81613148	-0.00658587	-0.00055210	0.25717433	2.67810820	0.26427319	0.51731727	0.02222397
0.58850780	146.11964000	15.46351300	1.70027490	1.04070340	1.21430640	0.08095079	0.07477372	0.07362459	-0.80917579	-0.00649402	-0.00054597	0.25172716	2.71360320	0.26326484	0.51643055	0.02195618
0.59865165	148.63824000	15.51847700	1.69249070	1.03701880	1.20868340	0.08009051	0.07398076	0.07285376	-0.80215483	-0.00638850	-0.00053863	0.24643679	2.74918110	0.26226646	0.51551611	0.02169071
0.60883290	151.16613000	15.57297500	1.68468020	1.03328920	1.20300300	0.07924797	0.07320055	0.07209428	-0.79506999	-0.00627608	-0.00053097	0.24129348	2.78480630	0.26126481	0.51457058	0.02142734
0.61905018	153.70296000	15.62700100	1.67684240	1.02951570	1.19725840	0.07842203	0.07243294	0.07134501	-0.78792145	-0.00615017	-0.00052437	0.23628718	2.82044020	0.26025661	0.51358740	0.02116700
0.62930214	156.24840000	15.68055300	1.66897580	1.02569900	1.19144450	0.07760958	0.07167772	0.07060690	-0.78070930	-0.00599900	-0.00051967	0.23141000	2.85604580	0.25924453	0.51255913	0.02091062
0.63958741	158.80211000	15.73363000	1.66107980	1.02183960	1.18556250	0.07680926	0.07093442	0.06987940	-0.77343518	-0.00580778	-0.00051619	0.22665492	2.89159880	0.25823172	0.51148070	0.02065798
0.64990461	161.36375000	15.78622700	1.65315790	1.01793780	1.17961980	0.07601926	0.07020250	0.06916120	-0.76610141	-0.00556955	-0.00051211	0.22201341	2.92707870	0.25721916	0.51034835	0.02040822
0.66025236	163.93298000	15.83834200	1.64521620	1.01399380	1.17362670	0.07523932	0.06948149	0.06845062	-0.75870978	-0.00529044	-0.00050567	0.21747824	2.96245850	0.25620183	0.50915915	0.02016061
0.67062929	166.50945000	15.88996900	1.63725990	1.01000810	1.16759410	0.07447180	0.06877087	0.06774808	-0.75126088	-0.00498167	-0.00049688	0.21305030	2.99770850	0.25517304	0.50791067	0.01991543
0.68103402	169.09282000	15.94110400	1.62929240	1.00598040	1.16153440	0.07371870	0.06807000	0.06705294	-0.74375503	-0.00464708	-0.00048760	0.20873036	3.03280520	0.25412804	0.50659973	0.01967361
0.69146517	171.68276000	15.99174900	1.62131580	1.00191040	1.15546380	0.07297763	0.06737823	0.06636366	-0.73619286	-0.00427893	-0.00047901	0.20451057	3.06772990	0.25306286	0.50522117	0.01943587
0.70192138	174.27891000	16.04190300	1.61332880	0.99779815	1.14939770	0.07224531	0.06669509	0.06568264	-0.72857557	-0.00386555	-0.00047072	0.20038581	3.10246100	0.25197057	0.50376729	0.01920235
0.71240129	176.88095000	16.09156900	1.60532450	0.99364393	1.14334690	0.07152126	0.06602041	0.06501270	-0.72090507	-0.00339628	-0.00046254	0.19635519	3.13697600	0.25084570	0.50222811	0.01897257
0.72290353	179.48854000	16.14074500	1.59729150	0.98944785	1.13731870	0.07080490	0.06535433	0.06435681	-0.71318329	-0.00286617	-0.00045532	0.19242147	3.17125620	0.24968750	0.50059259	0.01874607
0.73342675	182.10133000	16.18943200	1.58922060	0.98520964	1.13131760	0.07009499	0.06469711	0.06371464	-0.70541145	-0.00228017	-0.00044893	0.18858289	3.20528860	0.24849391	0.49885103	0.01852300
0.74396964	184.71901000	16.23763200	1.58110940	0.98092922	1.12534010	0.06939087	0.06404889	0.06308232	-0.69759054	-0.00165034	-0.00044213	0.18483203	3.23906300	0.24726024	0.49699476	0.01830373
0.75453087	187.34124000	16.28534500	1.57295960	0.97660727	1.11937460	0.06869288	0.06340962	0.06245628	-0.68972242	-0.00099132	-0.00043385	0.18116226	3.27256870	0.24598146	0.49501559	0.01808803
0.76510916	189.96770000	16.33257200	1.56477400	0.97224541	1.11340470	0.06800185	0.06277912	0.06183546	-0.68180975	-0.00031638	-0.00042386	0.17757202	3.30579170	0.24465555	0.49290710	0.01787456
0.77570323	192.59809000	16.37930900	1.55655650	0.96784623	1.10741460	0.06731864	0.06215710	0.06122117	-0.67385425	0.00036866	-0.00041258	0.17406189	3.33871630	0.24328148	0.49066726	0.01766254
0.78631185	195.23209000	16.42555500	1.54831270	0.96341292	1.10139040	0.06664498	0.06154338	0.06061455	-0.66585659	0.00106485	-0.00040073	0.17063127	3.37132960	0.24186162	0.48829959	0.01745257
0.79693382	197.86939000	16.47130900	1.54004620	0.95894824	1.09531940	0.06598258	0.06093775	0.06001551	-0.65781728	0.00176827	-0.00038919	0.16727884	3.40362110	0.24039812	0.48581214	0.01724553
0.80756793	200.50972000	16.51657400	1.53175450	0.95445390	1.08918970	0.06533370	0.06033963	0.05942580	-0.64973657	0.00246740	-0.00037889	0.16400935	3.43558520	0.23889101	0.48321574	0.01704251
0.81821307	203.15279000	16.56135600	1.52342810	0.94993044	1.08299120	0.06469801	0.05974839	0.05884833	-0.64161487	0.00314578	-0.00037017	0.16082566	3.46722660	0.23733837	0.48052175	0.01684458
0.82886811	205.79831000	16.60566300	1.51505590	0.94537756	1.07671520	0.06407035	0.05916363	0.05828558	-0.63345351	0.00378316	-0.00036233	0.15772129	3.49855950	0.23573768	0.47774070	0.01665203
0.83953200	208.44603000	16.64950300	1.50663270	0.94079431	1.07035420	0.06344875	0.05858528	0.05773707	-0.62525471	0.00436286	-0.00035463	0.15469096	3.52960060	0.23408826	0.47488169	0.01646416
0.85020374	211.09570000	16.69288200	1.49816140	0.93617933	1.06390620	0.06283202	0.05801320	0.05719967	-0.61702106	0.00487483	-0.00034782	0.15172687	3.56036000	0.23239561	0.47195220	0.01627969
0.86088236	213.74707000	16.73580400	1.48964940	0.93153108	1.05737860	0.06221733	0.05744701	0.05667042	-0.60875499	0.00531378	-0.00034354	0.14881875	3.59083490	0.23066761	0.46895800	0.01609739
0.87156695	216.39993000	16.77826800	1.48110120	0.92684814	1.05078400	0.06160424	0.05688625	0.05614733	-0.60045814	0.00568288	-0.00034234	0.14596141	3.62101210	0.22890800	0.46590204	0.01591647
0.88225666	219.05406000	16.82027300	1.47251600	0.92212938	1.04413620	0.06099449	0.05633081	0.05562931	-0.59213157	0.00599468	-0.00034324	0.14315642	3.65087650	0.22711586	0.46278321	0.01573674
0.89295068	221.70927000	16.86182000	1.46388860	0.91737420	1.03744650	0.06038754	0.05578085	0.05511556	-0.58377601	0.00626438	-0.00034474	0.14040348	3.68041600	0.22528872	0.45959716	0.01555817
0.90364829	224.36536000	16.90290800	1.45521200	0.91258317	1.03072130	0.05978004	0.05523656	0.05460685	-0.57539205	0.00650246	-0.00034597	0.13769887	3.70962460	0.22342101	0.45633786	0.01538074
0.91434882	227.02217000	16.94353700	1.44648200	0.90775829	1.02395750	0.05917174	0.05469796	0.05410423	-0.56698070	0.00671492	-0.00034710	0.13504277	3.73850430	0.22150408	0.45299892	0.01520401
0.92505166	229.67956000	16.98370500	1.43770000	0.90290297	1.01714370	0.05856553	0.05416487	0.05360701	-0.55854330	0.00690333	-0.00034902	0.13243699	3.76705710	0.21953218	0.44957446	0.01502720
0.93575627	232.33739000	17.02340900	1.42887010	0.89802162	1.01026570	0.05796483	0.05363704	0.05311389	-0.55008080	0.00706353	-0.00035233	0.12988170	3.79527690	0.21750348	0.44605928	0.01484967
0.94646219	234.99555000	17.06264600	1.41999440	0.89311903	1.00331040	0.05737299	0.05311417	0.05262571	-0.54159311	0.00719066	-0.00035725	0.12737802	3.82315110	0.21541919	0.44244824	0.01467171
0.95716902	237.65393000	17.10141300	1.41106950	0.88819916	0.99627078	0.05679276	0.05259610	0.05214742	-0.53307886	0.00728549	-0.00036358	0.12493210	3.85066730	0.21328495	0.43873598	0.01449489
0.96787643	240.31246000	17.13971600	1.40208820	0.88326388	0.98915109	0.05622315	0.05208284	0.05168220	-0.52453697	0.00735460	-0.00037065	0.12254418	3.87782050	0.21111054	0.43491795	0.01432081
0.97858417	242.97107000	17.17756200	1.39304360	0.87831249	0.98196642	0.05566073	0.05157439	0.05122864	-0.51596726	0.00740815	-0.00037737	0.12020870	3.90461270	0.20890477	0.43099165	0.01415008
0.98929207	245.62971000	17.21495900	1.38393180	0.87334254	0.97473546	0.05510309	0.05107058	0.05078264	-0.50737014	0.00745708	-0.00038231	0.11792046	3.93104840	0.20667126	0.42695730	0.01398283
1.00000000	248.28837000	17.25191600	1.37475030	0.86835127	0.96747524	0.05454959	0.05057119	0.05034191	-0.49874615	0.00750660	-0.00038393	0.11567793	3.95713180	0.20440886	0.42281688	0.01381886
1.01070790	250.94702000	17.28844000	1.36549880	0.86333674	0.96019863	0.05400030	0.05007613	0.04990455	-0.49009641	0.00755220	-0.00038095	0.11347980	3.98286750	0.20211431	0.41857228	0.01365741
1.02141580	253.60567000	17.32453700	1.35617830	0.85829844	0.95291425	0.05345587	0.04958550	0.04946743	-0.48142246	0.00758117	-0.00037309	0.11132186	4.00825460	0.19978248	0.41422493	0.01349731
1.03212360	256.26428000	17.36020900	1.34678780	0.85323723	0.94562791	0.05291829	0.04909941	0.04903143	-0.47272545	0.00757691	-0.00036121	0.10920520	4.03328330	0.19740813	0.40977589	0.01333764
1.04283100	258.92280000	17.39545500	1.33732210	0.84815462	0.93834795	0.05238778	0.04861779	0.04860020	-0.46400620	0.00752622	-0.00034660	0.10713159	4.05794250	0.19498894	0.40522549	0.01317774
1.05353780	261.58118000	17.43027300	1.32777450	0.84305198	0.93108591	0.05186148	0.04814047	0.04817715	-0.45526538	0.00742440	-0.00033064	0.10509963	4.08222110	0.19252115	0.40057337	0.01301718
1.06424370	264.23934000	17.46466000	1.31813990	0.83793019	0.92385040	0.05133758	0.04766724	0.04776400	-0.44650372	0.00727420	-0.00031536	0.10310859	4.10610690	0.18999750	0.39581969	0.01285536
1.07494830	266.89717000	17.49861000	1.30841750	0.83278984	0.91664224	0.05081630	0.04719799	0.04735876	-0.43772245	0.00708217	-0.00030277	0.10115647	4.12958550	0.18741169	0.39096565	0.01269116
1.08565120	269.55456000	17.53211300	1.29860800	0.82763147	0.90945483	0.05029973	0.04673281	0.04695897	-0.42892292	0.00685411	-0.00029348	0.09924350	4.15263570	0.18476045	0.38601375	0.01252331
1.09635170	272.21137000	17.56515800	1.28871130	0.82245584	0.90227895	0.04978978	0.04627191	0.04656409	-0.42010584	0.00659396	-0.00028696	0.09737105	4.17523160	0.18204434	0.38096789	0.01235104
1.10704930	274.86747000	17.59773000	1.27872580	0.81726388	0.89510809	0.04928578	0.04581566	0.04617412	-0.41127110	0.00630678	-0.00028253	0.09553753	4.19734910	0.17926668	0.37583252	0.01217438
1.11774330	277.52267000	17.62981600	1.26865070	0.81205659	0.88793876	0.04878599	0.04536435	0.04579005	-0.40241812	0.00599964	-0.00027993	0.09374205	4.21896760	0.17643038	0.37061192	0.01199401
1.12843310	280.17680000	17.66140700	1.25848560	0.80683510	0.88076923	0.04828991	0.04491818	0.04541354	-0.39354623	0.00567971	-0.00027902	0.09198634	4.24007040	0.17353751	0.36530979	0.01181074
1.13911760	282.82966000	17.69249400	1.24823030	0.80160087	0.87359992	0.04779941	0.04447733	0.04504643	-0.38465541	0.00535299	-0.00027941	0.09027426	4.26064350	0.17058998	0.35992870	0.01162493
1.14979630	285.48103000	17.72306600	1.23788650	0.79635546	0.86643614	0.04731551	0.04404188	0.04469036	-0.37574634	0.00502389	-0.00028041	0.08860730	4.28067470	0.16758943	0.35446993	0.01143619
1.16046800	288.13070000	17.75311400	1.22746020	0.79110017	0.85928858	0.04683693	0.04361173	0.04434560	-0.36682007	0.00469608	-0.00028171	0.08698280	4.30015130	0.16453688	0.34893402	0.01124387
1.17113190	290.77842000	17.78262600	1.21696250	0.78583592	0.85217055	0.04636264	0.04318674	0.04401058	-0.35787760	0.00437338	-0.00028319	0.08539757	4.31905800	0.16143270	0.34332152	0.01104725
1.18178690	293.42395000	17.81158600	1.20640750	0.78056356	0.84509685	0.04589198	0.04276689	0.04368291	-0.34891980	0.00406031	-0.00028464	0.08384873	4.33737700	0.15827741	0.33763315	0.01084575
1.19243210	296.06701000	17.83998000	1.19581070	0.77528437	0.83808265	0.04542416	0.04235239	0.04336052	-0.33994742	0.00376313	-0.00028574	0.08233326	4.35508820	0.15507188	0.33186961	0.01063893
1.20306620	298.70734000	17.86779100	1.18518580	0.77000028	0.83114283	0.04495927	0.04194368	0.04304265	-0.33096122	0.00349091	-0.00028609	0.08085030	4.37216980	0.15181787	0.32603173	0.01042633
1.21368810	301.34465000	17.89500200	1.17454320	0.76471394	0.82429148	0.04449782	0.04154126	0.04273061	-0.32196189	0.00325394	-0.00028511	0.07940175	4.38859790	0.14851786	0.32012073	0.01020760
1.22429680	303.97865000	17.92159300	1.16388900	0.75942851	0.81754179	0.04403995	0.04114565	0.04242692	-0.31295000	0.00305967	-0.00028222	0.07799001	4.40434820	0.14517412	0.31413833	0.00998247
1.23489080	306.60903000	17.94754800	1.15322780	0.75414742	0.81090422	0.04358731	0.04075736	0.04213329	-0.30392591	0.00291063	-0.00027779	0.07661816	4.41939810	0.14178799	0.30808624	0.00975092
1.24546910	309.23550000	17.97284800	1.14256380	0.74887401	0.80438597	0.04314196	0.04037690	0.04185062	-0.29488984	0.00280757	-0.00027309	0.07528878	4.43372560	0.13836122	0.30196588	0.00951312
1.25603040	311.85773000	17.99747500	1.13190080	0.74361122	0.79799267	0.04270445	0.04000477	0.04158058	-0.28584196	0.00275220	-0.00026907	0.07400380	4.44730850	0.13489593	0.29577844	0.00926933
1.26657320	314.47540000	18.02141400	1.12124220	0.73836147	0.79172753	0.04227608	0.03964133	0.04132575	-0.27678262	0.00274561	-0.00026601	0.07276757	4.46012480	0.13139407	0.28952518	0.00901960
1.27709650	317.08820000	18.04464700	1.11059270	0.73312663	0.78559239	0.04185833	0.03928692	0.04108872	-0.26771235	0.00278529	-0.00026347	0.07158464	4.47215210	0.12785883	0.28320781	0.00876381
1.28759870	319.69578000	18.06715900	1.09995900	0.72790812	0.77959096	0.04145124	0.03894194	0.04086987	-0.25863196	0.00286376	-0.00026071	0.07045557	4.48336830	0.12429532	0.27682844	0.00850170
1.29807860	322.29782000	18.08893300	1.08935110	0.72270713	0.77372975	0.04105412	0.03860695	0.04066664	-0.24954236	0.00296905	-0.00025711	0.06937700	4.49375000	0.12070842	0.27038950	0.00823276
1.30853480	324.89397000	18.10995000	1.07878070	0.71752483	0.76801586	0.04066735	0.03828258	0.04047618	-0.24044463	0.00308796	-0.00025237	0.06834651	4.50327280	0.11710084	0.26389373	0.00795633
1.31896600	327.48391000	18.13018900	1.06826020	0.71236258	0.76245348	0.04029265	0.03796948	0.04029759	-0.23133980	0.00320919	-0.00024638	0.06736519	4.51191180	0.11347449	0.25734434	0.00767181
1.32937070	330.06728000	18.14963200	1.05780310	0.70722207	0.75704386	0.03993214	0.03766844	0.04013175	-0.22222881	0.00332427	-0.00023920	0.06643652	4.51964350	0.10983219	0.25074492	0.00737854
1.33974760	332.64375000	18.16825500	1.04742510	0.70210528	0.75178843	0.03958732	0.03738034	0.03997926	-0.21311243	0.00342569	-0.00023088	0.06556300	4.52644490	0.10617779	0.24409972	0.00707606
1.35009540	335.21298000	18.18603700	1.03714480	0.69701461	0.74669159	0.03925857	0.03710618	0.03984014	-0.20399105	0.00350493	-0.00022173	0.06474525	4.53229400	0.10251575	0.23741380	0.00676423
1.36041260	337.77462000	18.20295500	1.02698270	0.69195279	0.74176096	0.03894643	0.03684694	0.03971475	-0.19486485	0.00355418	-0.00021255	0.06398418	4.53717060	0.09885014	0.23069285	0.00644319
1.37069790	340.32833000	18.21899000	1.01696030	0.68692293	0.73700704	0.03865292	0.03660357	0.03960326	-0.18573418	0.00356994	-0.00020455	0.06328217	4.54105620	0.09518458	0.22394286	0.00611295
1.38094980	342.87377000	18.23412000	1.00709960	0.68192841	0.73244339	0.03837975	0.03637708	0.03950599	-0.17659979	0.00355310	-0.00019880	0.06264136	4.54393160	0.09152271	0.21717008	0.00577311
1.39116710	345.41061000	18.24832300	0.99742297	0.67697283	0.72808643	0.03812630	0.03616852	0.03942301	-0.16746269	0.00350624	-0.00019577	0.06206128	4.54577750	0.08786773	0.21038107	0.00542294
1.40134830	347.93849000	18.26157800	0.98795488	0.67206002	0.72395231	0.03789132	0.03597899	0.03935425	-0.15832386	0.00343194	-0.00019540	0.06154096	4.54657340	0.08422190	0.20358265	0.00506170
1.41149220	350.45709000	18.27386000	0.97872152	0.66719406	0.72005242	0.03767550	0.03580962	0.03930052	-0.14918407	0.00333323	-0.00019730	0.06108247	4.54629740	0.08058708	0.19678178	0.00468876
1.42159730	352.96608000	18.28514300	0.96975232	0.66237927	0.71639230	0.03748096	0.03566147	0.03926395	-0.14004390	0.00321398	-0.00020095	0.06069022	4.54492710	0.07696611	0.18998521	0.00430364
1.43166240	355.46511000	18.29540400	0.96107976	0.65762002	0.71297379	0.03730958	0.03553558	0.03924668	-0.13090381	0.00307831	-0.00020570	0.06036808	4.54244080	0.07336338	0.18319911	0.00390592
1.44168600	357.95386000	18.30461700	0.95274118	0.65292046	0.70979776	0.03716262	0.03543302	0.03924910	-0.12176419	0.00293017	-0.00021108	0.06011775	4.53881690	0.06978430	0.17642896	0.00349518
1.45166690	360.43201000	18.31275700	0.94477758	0.64828427	0.70686539	0.03704172	0.03535484	0.03927158	-0.11262542	0.00277256	-0.00021691	0.05994173	4.53403400	0.06623441	0.16967955	0.00307107
1.46160380	362.89923000	18.31979700	0.93723195	0.64371461	0.70417928	0.03694896	0.03530215	0.03931628	-0.10348794	0.00260645	-0.00022306	0.05984538	4.52807040	0.06271973	0.16295521	0.00263306
1.47149540	365.35519000	18.32571100	0.93014996	0.63921412	0.70174499	0.03688611	0.03527620	0.03938519	-0.09435238	0.00243089	-0.00022942	0.05983406	4.52090440	0.05924693	0.15626013	0.00218044
1.48134040	367.79958000	18.33047200	0.92357930	0.63478497	0.69957198	0.03685379	0.03527843	0.03947795	-0.08521946	0.00224504	-0.00023594	0.05991028	4.51251300	0.05582287	0.14959894	0.00171227
1.49113750	370.23209000	18.33405200	0.91756793	0.63042916	0.69767225	0.03685164	0.03531028	0.03959361	-0.07608993	0.00204929	-0.00024259	0.06007521	4.50287090	0.05245377	0.14297712	0.00122751
1.50088550	372.65240000	18.33641900	0.91216099	0.62614885	0.69605709	0.03687967	0.03537314	0.03973167	-0.06696434	0.00184512	-0.00024908	0.06033084	4.49195070	0.04914466	0.13640088	0.00072525
1.51058300	375.06020000	18.33754300	0.90740029	0.62194656	0.69473446	0.03693927	0.03546842	0.03989308	-0.05784290	0.00163508	-0.00025465	0.06068175	4.47972490	0.04590018	0.12987700	0.00020488
1.52022900	377.45518000	18.33739300	0.90332544	0.61782530	0.69370878	0.03703289	0.03559765	0.04007955	-0.04872553	0.00142299	-0.00025829	0.06113412	4.46616740	0.04272553	0.12341274	-0.00033394
1.52982210	379.83704000	18.33593800	0.89997661	0.61378823	0.69298257	0.03716310	0.03576246	0.04029206	-0.03961221	0.00121320	-0.00025924	0.06169344	4.45125380	0.03962701	0.11701573	-0.00089156
1.53936120	382.20548000	18.33314700	0.89739539	0.60983838	0.69255799	0.03733173	0.03596451	0.04053027	-0.03050312	0.00100957	-0.00025717	0.06236374	4.43496000	0.03661154	0.11069398	-0.00146856
1.54884500	384.56019000	18.32899100	0.89562194	0.60597845	0.69243659	0.03754037	0.03620544	0.04079424	-0.02139875	0.00081539	-0.00025226	0.06315005	4.41726030	0.03368561	0.10445610	-0.00206591
1.55827230	386.90089000	18.32343600	0.89469292	0.60221070	0.69261822	0.03779054	0.03648701	0.04108712	-0.01229957	0.00063439	-0.00024509	0.06406166	4.39812710	0.03085529	0.09831161	-0.00268459
1.56764200	389.22728000	18.31645100	0.89464037	0.59853696	0.69310037	0.03808352	0.03681111	0.04141406	-0.00320560	0.00047119	-0.00023629	0.06511063	4.37753280	0.02812643	0.09227115	-0.00332523
1.57695290	391.53906000	18.30800200	0.89549412	0.59495862	0.69387814	0.03842034	0.03717966	0.04177904	0.00588348	0.00032925	-0.00022633	0.06630821	4.35545110	0.02550493	0.08634656	-0.00398803
1.58620380	393.83594000	18.29806100	0.89728231	0.59147664	0.69494426	0.03880188	0.03759457	0.04218385	0.01496801	0.00020747	-0.00021563	0.06766351	4.33185720	0.02299687	0.08055071	-0.00467309
1.59539350	396.11764000	18.28659600	0.90003179	0.58809156	0.69628922	0.03922882	0.03805766	0.04262950	0.02404796	0.00009960	-0.00020473	0.06918480	4.30672740	0.02060814	0.07489717	-0.00538087
1.60452090	398.38386000	18.27357900	0.90376664	0.58480344	0.69790102	0.03970184	0.03857066	0.04311833	0.03312293	-0.00000312	-0.00019423	0.07088234	4.28003790	0.01834451	0.06939987	-0.00611210
1.61358480	400.63432000	18.25897900	0.90850724	0.58161171	0.69976542	0.04022094	0.03913533	0.04365228	0.04219244	-0.00010895	-0.00018454	0.07276570	4.25176490	0.01621137	0.06407272	-0.00686770
1.62258410	402.86875000	18.24276700	0.91427029	0.57851496	0.70186563	0.04078640	0.03975338	0.04423391	0.05125592	-0.00022388	-0.00017562	0.07484553	4.22188320	0.01421412	0.05892922	-0.00764864
1.63151760	405.08684000	18.22491200	0.92106837	0.57551051	0.70418333	0.04139915	0.04042655	0.04486747	0.06031260	-0.00035143	-0.00016689	0.07713620	4.19036760	0.01235856	0.05398210	-0.00845615
1.64038420	407.28832000	18.20538300	0.92891214	0.57259399	0.70670016	0.04206040	0.04115679	0.04555674	0.06936148	-0.00049321	-0.00015759	0.07965382	4.15719240	0.01065094	0.04924321	-0.00929175
1.64918280	409.47290000	18.18414600	0.93781243	0.56975903	0.70939882	0.04277028	0.04194616	0.04630521	0.07840117	-0.00064909	-0.00014731	0.08241472	4.12233060	0.00909712	0.04472364	-0.01015737
1.65791220	411.64031000	18.16116400	0.94778143	0.56699718	0.71226310	0.04352859	0.04279669	0.04711612	0.08742986	-0.00081681	-0.00013630	0.08543576	4.08575320	0.00770183	0.04043399	-0.01105562
1.66657120	413.79025000	18.13640000	0.95883310	0.56429784	0.71527723	0.04433457	0.04371026	0.04799240	0.09644533	-0.00099165	-0.00012529	0.08873413	4.04742860	0.00646920	0.03638487	-0.01198961
1.67515880	415.92245000	18.10980600	0.97098328	0.56164828	0.71842658	0.04518597	0.04468882	0.04893747	0.10544510	-0.00116649	-0.00011519	0.09232793	4.00732230	0.00540358	0.03258732	-0.01296298
1.68367380	418.03661000	18.08133500	0.98424671	0.55903393	0.72169879	0.04607928	0.04573462	0.04995520	0.11442637	-0.00133321	-0.00010679	0.09623655	3.96539580	0.00450933	0.02905323	-0.01397995
1.69211500	420.13246000	18.05093000	0.99863723	0.55643872	0.72508284	0.04701134	0.04685030	0.05104983	0.12338614	-0.00148542	-0.00010062	0.10048194	3.92160600	0.00378933	0.02579507	-0.01504528
1.70048120	422.20970000	18.01852600	1.01416490	0.55384547	0.72856671	0.04797989	0.04803871	0.05222780	0.13232108	-0.00162011	-0.00009679	0.10509253	3.87590620	0.00324439	0.02282549	-0.01616448
1.70877140	424.26805000	17.98405300	1.03083810	0.55123618	0.73213566	0.04898330	0.04930292	0.05349776	0.14122746	-0.00173763	-0.00009503	0.11010310	3.82824770	0.00287341	0.02015684	-0.01734388
1.71698420	426.30721000	17.94742900	1.04866690	0.54859223	0.73577096	0.05002021	0.05064627	0.05487022	0.15010090	-0.00184097	-0.00009488	0.11555372	3.77857970	0.00267377	0.01780059	-0.01859096
1.72511870	428.32690000	17.90856000	1.06766730	0.54589428	0.73944934	0.05108882	0.05207244	0.05635473	0.15893618	-0.00193594	-0.00009592	0.12148507	3.72684920	0.00264149	0.01576656	-0.01991465
1.73317350	430.32681000	17.86734000	1.08786340	0.54312188	0.74314224	0.05218776	0.05358513	0.05795819	0.16772719	-0.00203272	-0.00009810	0.12793769	3.67299890	0.00277077	0.01406223	-0.02132545
1.74114740	432.30664000	17.82364400	1.10928690	0.54025306	0.74681556	0.05331692	0.05518803	0.05968595	0.17646716	-0.00214486	-0.00010180	0.13495531	3.61696500	0.00305488	0.01269260	-0.02283536
1.74903920	434.26610000	17.77733200	1.13197240	0.53726404	0.75043178	0.05447452	0.05688477	0.06154272	0.18514875	-0.00228453	-0.00010753	0.14258240	3.55867690	0.00348650	0.01166003	-0.02445776
1.75684780	436.20487000	17.72824200	1.15595440	0.53412910	0.75395046	0.05565693	0.05867899	0.06353478	0.19376423	-0.00245635	-0.00011558	0.15086674	3.49805790	0.00405661	0.01096382	-0.02620746
1.76457180	438.12265000	17.67619400	1.18126340	0.53082040	0.75732778	0.05686127	0.06057431	0.06567039	0.20230533	-0.00265295	-0.00012575	0.15986462	3.43502840	0.00475451	0.01059961	-0.02810087
1.77221000	440.01912000	17.62098400	1.20792740	0.52730770	0.76051703	0.05808533	0.06257427	0.06795871	0.21076292	-0.00285736	-0.00013757	0.16963974	3.36951050	0.00556820	0.01055873	-0.03015637
1.77976100	441.89396000	17.56238200	1.23597370	0.52355803	0.76346935	0.05932667	0.06468205	0.07040570	0.21912684	-0.00305012	-0.00015056	0.18025472	3.30142910	0.00648400	0.01082781	-0.03239464
1.78722370	443.74685000	17.50013100	1.26542820	0.51953545	0.76613477	0.06058352	0.06690025	0.07301441	0.22738503	-0.00321531	-0.00016432	0.19177296	3.23071040	0.00748688	0.01138883	-0.03483968
1.79459650	445.57744000	17.43394400	1.29631330	0.51520125	0.76846481	0.06185363	0.06923106	0.07578930	0.23552262	-0.00334168	-0.00017831	0.20426549	3.15728490	0.00856124	0.01221926	-0.03751999
1.80187830	447.38541000	17.36349200	1.32864730	0.51051432	0.77041561	0.06313267	0.07167622	0.07873757	0.24352140	-0.00342173	-0.00019181	0.21781061	3.08108970	0.00969062	0.01329207	-0.04046936
1.80906750	449.17042000	17.28840100	1.36244550	0.50543168	0.77194978	0.06441543	0.07423683	0.08186957	0.25135970	-0.00345288	-0.00020411	0.23249673	3.00207420	0.01085699	0.01457529	-0.04372736
1.81616280	450.93210000	17.20824900	1.39772410	0.49990886	0.77303575	0.06569607	0.07691336	0.08519349	0.25901269	-0.00343734	-0.00021489	0.24841252	2.92020110	0.01203987	0.01603136	-0.04733937
1.82316270	452.67010000	17.12255300	1.43450040	0.49390042	0.77364637	0.06696779	0.07970526	0.08871113	0.26645291	-0.00337780	-0.00022436	0.26563464	2.83544520	0.01321559	0.01761687	-0.05135634
1.83006580	454.38405000	17.03077200	1.47278730	0.48736066	0.77375642	0.06822331	0.08261053	0.09241739	0.27365032	-0.00327232	-0.00023312	0.28422357	2.74779260	0.01435778	0.01928282	-0.05583494
1.83687050	456.07358000	16.93229900	1.51258400	0.48024478	0.77334017	0.06945359	0.08562530	0.09630252	0.28057107	-0.00311290	-0.00024166	0.30422049	2.65724310	0.01543766	0.02097513	-0.06083896
1.84357530	457.73829000	16.82645600	1.55386640	0.47251007	0.77236971	0.07064911	0.08874358	0.10035770	0.28717556	-0.00288820	-0.00024982	0.32565924	2.56381730	0.01642418	0.02263534	-0.06644176
1.85017850	459.37780000	16.71248400	1.59658100	0.46411688	0.77081207	0.07180271	0.09195734	0.10457690	0.29341665	-0.00258915	-0.00025679	0.34857693	2.46756640	0.01728637	0.02420211	-0.07272830
1.85667860	460.99170000	16.58953100	1.64064190	0.45502942	0.76863088	0.07290886	0.09525656	0.10895356	0.29923788	-0.00221579	-0.00026158	0.37300443	2.36857980	0.01799702	0.02561350	-0.07979772
1.86307390	462.57957000	16.45664100	1.68592880	0.44521653	0.76578900	0.07396055	0.09862911	0.11347800	0.30457174	-0.00178197	-0.00026350	0.39894992	2.26698970	0.01853464	0.02680970	-0.08776547
1.86936260	464.14098000	16.31274100	1.73228290	0.43465271	0.76225209	0.07494862	0.10206054	0.11813810	0.30933798	-0.00131408	-0.00026242	0.42639424	2.16297190	0.01888349	0.02773597	-0.09676600
1.87554290	465.67549000	16.15662100	1.77950090	0.42331906	0.75798869	0.07586166	0.10553371	0.12291997	0.31344181	-0.00084516	-0.00025862	0.45528760	2.05674810	0.01903379	0.02834542	-0.10695513
1.88161310	467.18264000	15.98692400	1.82732670	0.41120418	0.75296831	0.07668538	0.10902833	0.12780553	0.31677205	-0.00040866	-0.00025248	0.48553386	1.94858710	0.01898131	0.02860152	-0.11851278
1.88757120	468.66197000	15.80213000	1.87544220	0.39830488	0.74715877	0.07740444	0.11252030	0.13277030	0.31919953	-0.00003345	-0.00024437	0.51697944	1.83880210	0.01872690	0.02848014	-0.13164523
1.89341530	470.11300000	15.60053900	1.92345330	0.38462688	0.74052270	0.07800404	0.11598104	0.13778462	0.32057619	0.00025956	-0.00023462	0.54941352	1.72774600	0.01827739	0.02797124	-0.14658704
1.89914340	471.53521000	15.38026500	1.97087550	0.37018564	0.73301524	0.07846959	0.11937685	0.14281532	0.32073451	0.00045864	-0.00022371	0.58256514	1.61580920	0.01764647	0.02708021	-0.16360180
1.90475330	472.92810000	15.13922900	2.01711910	0.35500734	0.72458376	0.07878646	0.12266833	0.14782427	0.31948837	0.00056127	-0.00021231	0.61608800	1.50341630	0.01685524	0.02582841	-0.18298164
1.91024310	474.29113000	14.87516300	2.06147590	0.33912952	0.71516973	0.07894069	0.12580976	0.15276491	0.31663599	0.00057441	-0.00020127	0.64953834	1.39102000	0.01593244	0.02425286	-0.20504415
1.91561030	475.62375000	14.58562300	2.10310390	0.32260133	0.70471081	0.07891800	0.12874832	0.15757741	0.31196617	0.00051470	-0.00019131	0.68234189	1.27909170	0.01491405	0.02240492	-0.23012518
1.92085270	476.92538000	14.26803100	2.14101180	0.30548341	0.69314480	0.07870255	0.13142303	0.16218484	0.30526820	0.00040658	-0.00018289	0.71376258	1.16811320	0.01384135	0.02034787	-0.25856702
1.92596800	478.19544000	13.91972200	2.17404230	0.28784734	0.68041276	0.07827696	0.13376358	0.16649226	0.29634632	0.00027768	-0.00017607	0.74288766	1.05857530	0.01275805	0.01815346	-0.29070159
1.93095360	479.43331000	13.53803600	2.20085630	0.26977494	0.66646003	0.07762250	0.13568922	0.17039096	0.28503886	0.00015342	-0.00017050	0.76864425	0.95099456	0.01170694	0.01589758	-0.32682645
1.93580700	480.63835000	13.12043100	2.21992370	0.25135747	0.65123641	0.07671915	0.13710830	0.17377266	0.27124137	0.00005305	-0.00016547	0.78987851	0.84596705	0.01072637	0.01365560	-0.36717557
1.94052540	481.80989000	12.66463400	2.22952660	0.23269486	0.63469540	0.07554686	0.13791871	0.17655572	0.25493270	-0.00001207	-0.00016004	0.80551697	0.74427894	0.00984697	0.01149750	-0.41188566
1.94510620	482.94725000	12.16881600	2.22778480	0.21389480	0.61679065	0.07408901	0.13800951	0.17872485	0.23620212	-0.00003783	-0.00015330	0.81482668	0.64708943	0.00908943	0.00948340	-0.46095950
1.94954650	484.04970000	11.63179300	2.21271330	0.19507183	0.59747239	0.07233679	0.13726424	0.18038522	0.21527372	-0.00002522	-0.00014451	0.81776645	0.55619480	0.00846334	0.00765979	-0.51423078
1.95384310	485.11651000	11.05323900	2.18231870	0.17634647	0.57668416	0.07029439	0.13556606	0.18182365	0.19252356	0.00002220	-0.00013333	0.81538739	0.47436016	0.00796655	0.00605724	-0.57133833
1.95799300	486.14688000	10.43387900	2.13474020	0.15784470	0.55435590	0.06798717	0.13280513	0.18355435	0.16848410	0.00009991	-0.00011978	0.81016219	0.40567123	0.00758424	0.00468975	-0.63170875
1.96199290	487.14001000	9.77566370	2.06843110	0.13969811	0.53039869	0.06547625	0.12888812	0.18631507	0.14383061	0.00020239	-0.00010431	0.80611767	0.35581895	0.00728868	0.00355591	-0.69456223
1.96583940	488.09506000	9.08187160	1.98237020	0.12204436	0.50469963	0.06287961	0.12374940	0.19096671	0.11934558	0.00032172	-0.00008765	0.80858633	0.33218948	0.00704038	0.00264162	-0.75894289
1.96952890	489.01112000	8.35714200	1.87627670	0.10502797	0.47711877	0.06039853	0.11736300	0.19827798	0.09586052	0.00044615	-0.00007074	0.82347099	0.34362259	0.00679148	0.00192384	-0.82377222
1.97305770	489.88728000	7.60740390	1.75079470	0.08880061	0.44749675	0.05834235	0.10975379	0.20865378	0.07417910	0.00056004	-0.00005458	0.85607636	0.39973705	0.00649124	0.00137475	-0.88793625
1.97642190	490.72257000	6.83970590	1.60760450	0.07352044	0.41566685	0.05713217	0.10100590	0.22193586	0.05499098	0.00064596	-0.00004002	0.90973534	0.50981847	0.00609371	0.00096552	-0.95037588
1.97961740	491.51596000	6.06196670	1.44942330	0.05934989	0.38148119	0.05725094	0.09126668	0.23739506	0.03879080	0.00068859	-0.00002772	0.98468863	0.68140804	0.00556651	0.00066900	-1.01018100
1.98263990	492.26641000	5.28266810	1.27986970	0.04645085	0.34484725	0.05911873	0.08074433	0.25391979	0.02581883	0.00067913	-0.00001799	1.07770880	0.91887385	0.00489926	0.00046128	-1.06666730
1.98548480	492.97278000	4.51054340	1.10319300	0.03497704	0.30576994	0.06293577	0.06969783	0.27030423	0.01603844	0.00061813	-0.00001084	1.18278740	1.22231950	0.00410919	0.00032198	-1.11940800
1.98814760	493.63391000	3.75429750	0.92390352	0.02506312	0.26439848	0.06860043	0.05841793	0.28553252	0.00915874	0.00051594	-0.00000598	1.29283360	1.58713890	0.00324159	0.00023397	-1.16824090
1.99062310	494.24857000	3.02239810	0.74637394	0.01681108	0.22105942	0.07576271	0.04720071	0.29897595	0.00470020	0.00039030	-0.00000296	1.40177160	2.00433500	0.00236321	0.00018277	-1.21320180
1.99290630	494.81544000	2.32296630	0.57451133	0.01027539	0.17627915	0.08395790	0.03631905	0.31045098	0.00208788	0.00026178	-0.00000127	1.50606070	2.46144120	0.00154982	0.00015630	-1.25443900
1.99499150	495.33318000	1.66374780	0.41157646	0.00544833	0.13078607	0.09273355	0.02600136	0.32013883	0.00074813	0.00014895	-0.00000044	1.60498770	2.94367460	0.00087106	0.00014481	-1.29211700
1.99687300	495.80034000	1.05214850	0.26018042	0.00224819	0.08549813	0.10171735	0.01642485	0.32839250	0.00018439	0.00006481	-0.00000010	1.69954030	3.43493070	0.00037692	0.00014103	-1.32633290
1.99854470	496.21539000	0.49528051	0.12240781	0.00051262	0.04149713	0.11062830	0.00772288	0.33559580	0.00001878	0.00001539	-0.00000001	1.79128760	3.91846510	0.00008933	0.00014029	-1.35710470
2.00000000	496.57673000	0.00000000	0.00000000	0.00000000	0.00000000	0.11924875	0.00000000	0.34196676	0.00000000	0.00000000	0.00000000	1.88040420	4.37732920	0.00000000	0.00014025	-1.38429830