0.00000000	0.00000000	0.00000000	0.00000000	0.00000000	0.00000000	0.26652831	0.00000000	0.30238483	0.00000000	-0.00000000	0.00000000	6.83766900	5.82509380	0.00000000	0.00014018	0.51607867
0.00037763	0.31753281	0.16517421	0.09562324	0.00119671	0.08188044	0.24881940	0.00618180	0.30048684	-0.00001753	-0.00000361	0.00000002	6.41378530	5.64526020	0.00034848	0.00014041	0.52428002
0.00084407	0.70973660	0.37278683	0.21315138	0.00565191	0.17538174	0.22903467	0.01396701	0.30057555	-0.00021158	-0.00002045	0.00000019	6.04587250	5.42442410	0.00160509	0.00014520	0.53440076
0.00139657	1.17429850	0.62378277	0.35239436	0.01449549	0.27645963	0.20818643	0.02339050	0.30309892	-0.00102751	-0.00006337	0.00000090	5.77427160	5.16455830	0.00403407	0.00017347	0.54607566
0.00203251	1.70902590	0.91916072	0.51338490	0.02851958	0.38114082	0.18720580	0.03443644	0.30712004	-0.00334726	-0.00015088	0.00000289	5.59412370	4.86710550	0.00784376	0.00026991	0.55846238
0.00274942	2.31183750	1.25948340	0.69548574	0.04810776	0.48592068	0.16734285	0.04696661	0.31070335	-0.00858758	-0.00030610	0.00000730	5.47083690	4.53245150	0.01322639	0.00051002	0.57018157
0.00354496	2.98076330	1.64420570	0.89633028	0.07323941	0.58786592	0.15020996	0.06066492	0.31151460	-0.01862748	-0.00055279	0.00001556	5.35400750	4.16011640	0.02038224	0.00099197	0.57932938
0.00441690	3.71393340	2.07095020	1.11108120	0.10355491	0.68475918	0.13753094	0.07504282	0.30787679	-0.03550637	-0.00090874	0.00002914	5.20495010	3.75061690	0.02951606	0.00181273	0.58374586
0.00536313	4.50957170	2.53497890	1.33254130	0.13845612	0.77514601	0.13049382	0.08950984	0.29942879	-0.06094747	-0.00137891	0.00004921	5.01490060	3.30873070	0.04079231	0.00303202	0.58146289
0.00638165	5.36598630	3.02909040	1.55211620	0.17721381	0.85831552	0.12909171	0.10347159	0.28714983	-0.09588424	-0.00195070	0.00007635	4.80451170	2.84628500	0.05426714	0.00463340	0.57117219
0.00747052	6.28156350	3.54404640	1.76122550	0.21905972	0.93418295	0.13208965	0.11641569	0.27284548	-0.14017081	-0.00259404	0.00011031	4.60713240	2.38235010	0.06982092	0.00649776	0.55254203
0.00862794	7.25476830	4.06944060	1.95261010	0.26325104	1.00311130	0.13770893	0.12796555	0.25842920	-0.19257962	-0.00326715	0.00015005	4.44948300	1.94019570	0.08712789	0.00840431	0.52626369
0.00985214	8.28413810	4.59477280	2.12117440	0.30910464	1.06570290	0.14436305	0.13789868	0.24533042	-0.25105634	-0.00392627	0.00019383	4.34125760	1.54232090	0.10567362	0.01006742	0.49384711
0.01114148	9.36827610	5.11046140	2.26425000	0.35600694	1.12262730	0.15096859	0.14613577	0.23423099	-0.31312434	-0.00453506	0.00023970	4.27589930	1.20576750	0.12482595	0.01120395	0.45727304
0.01249437	10.50584800	5.60858730	2.38137920	0.40340925	1.17449880	0.15692047	0.15271185	0.22514759	-0.37629908	-0.00506970	0.00028588	4.23791650	0.93944119	0.14392758	0.01161381	0.41861546
0.01390929	11.69557700	6.08327270	2.47380940	0.45081807	1.22182010	0.16194861	0.15774067	0.21770831	-0.43841118	-0.00551844	0.00033107	4.21063170	0.74392183	0.16238600	0.01125032	0.37973936
0.01538478	12.93623800	6.53071610	2.54389790	0.49778780	1.26498030	0.16598288	0.16138103	0.21143570	-0.49778834	-0.00587769	0.00037437	4.18106920	0.61316236	0.17973573	0.01025989	0.34212250
0.01691946	14.22666400	6.94897330	2.59456320	0.54391831	1.30427160	0.16905679	0.16380965	0.20591683	-0.55330425	-0.00614820	0.00041519	4.14137930	0.53702568	0.19566315	0.00898055	0.30679155
0.01851198	15.56573400	7.33759730	2.62886470	0.58885659	1.33992470	0.17125136	0.16520232	0.20086168	-0.60432933	-0.00633328	0.00045303	4.08820180	0.50374220	0.21000467	0.00790178	0.27435396
0.02016109	16.95237800	7.69724450	2.64972450	0.63230083	1.37213870	0.17266421	0.16572260	0.19609230	-0.65063209	-0.00643824	0.00048746	4.02121580	0.50176621	0.22272643	0.00759796	0.24507688
0.02186554	18.38556300	8.02930930	2.65977220	0.67400390	1.40109990	0.17339378	0.16551649	0.19150780	-0.69226653	-0.00646994	0.00051818	3.94173300	0.52090582	0.23389331	0.00865231	0.21897930
0.02362417	19.86429900	8.33562430	2.66128440	0.71377500	1.42699740	0.17353228	0.16471122	0.18705202	-0.72947077	-0.00643653	0.00054515	3.85171920	0.55282198	0.24363848	0.01158684	0.19591980
0.02543584	21.38763500	8.61823480	2.65617940	0.75147877	1.45002730	0.17316363	0.16341634	0.18269256	-0.76258609	-0.00634701	0.00056853	3.75325500	0.59109765	0.25213421	0.01680917	0.17566455
0.02729947	22.95465900	8.87924060	2.64604310	0.78703167	1.47038910	0.17236402	0.16172564	0.17841037	-0.79199929	-0.00621051	0.00058862	3.64831420	0.63105795	0.25956745	0.02458089	0.15793706
0.02921401	24.56449300	9.12069170	2.63216990	0.82039632	1.48828320	0.17120229	0.15971947	0.17419551	-0.81810390	-0.00603560	0.00060579	3.53870090	0.66948792	0.26612453	0.03500704	0.14245105
0.03117846	26.21629200	9.34452700	2.61560700	0.85157484	1.50391070	0.16973899	0.15746693	0.17004415	-0.84127712	-0.00583132	0.00062043	3.42601200	0.70432818	0.27198135	0.04804345	0.12893120
0.03319185	27.90924400	9.55254110	2.59719630	0.88060170	1.51746870	0.16802624	0.15502761	0.16595699	-0.86186719	-0.00560744	0.00063290	3.31163360	0.73439562	0.27729224	0.06351708	0.11712323
0.03525325	29.64256400	9.74637250	2.57761260	0.90753683	1.52915030	0.16610940	0.15245294	0.16194031	-0.88018754	-0.00537219	0.00064348	3.19679490	0.75914662	0.28218585	0.08115371	0.10679989
0.03736175	31.41549500	9.92750310	2.55739390	0.93245915	1.53914070	0.16402812	0.14978709	0.15800420	-0.89651597	-0.00513069	0.00065247	3.08257780	0.77848898	0.28676402	0.10060835	0.09776120
0.03951651	33.22731000	10.09726500	2.53696780	0.95546086	1.54761720	0.16181607	0.14706786	0.15416020	-0.91109650	-0.00488618	0.00066030	2.96990000	0.79263546	0.29110373	0.12149535	0.08983323
0.04171667	35.07730700	10.25685200	2.51667010	0.97664269	1.55474380	0.15950175	0.14432730	0.15042098	-0.92414247	-0.00464170	0.00066742	2.85953050	0.80199822	0.29525660	0.14341499	0.08286533
0.04396143	36.96480700	10.40732700	2.49676360	0.99611015	1.56067090	0.15710978	0.14159213	0.14679791	-0.93583961	-0.00440172	0.00067428	2.75208620	0.80710870	0.29925379	0.16597454	0.07672787
0.04625002	38.88915800	10.54964200	2.47745060	1.01397070	1.56553390	0.15466180	0.13888410	0.14329973	-0.94634926	-0.00417160	0.00068121	2.64803550	0.80855621	0.30310890	0.18880397	0.07130948
0.04858168	40.84972700	10.68463900	2.45888160	1.03033140	1.56945030	0.15217760	0.13622057	0.13993413	-0.95581184	-0.00395329	0.00068820	2.54774050	0.80694776	0.30682190	0.21156628	0.06651441
0.05095569	42.84590300	10.81307100	2.44116480	1.04529730	1.57252500	0.14967412	0.13361502	0.13670635	-0.96434922	-0.00374527	0.00069511	2.45144740	0.80288188	0.31038548	0.23396454	0.06226058
0.05337133	44.87709300	10.93560700	2.42437310	1.05897040	1.57485100	0.14716523	0.13107756	0.13361974	-0.97206713	-0.00354585	0.00070169	2.35929740	0.79692826	0.31378582	0.25574614	0.05847773
0.05582795	46.94272600	11.05284200	2.40854960	1.07144840	1.57651150	0.14466332	0.12861548	0.13067569	-0.97905766	-0.00335370	0.00070737	2.27135280	0.78961570	0.31700482	0.27670385	0.05510544
0.05832486	49.04225100	11.16530700	2.39371290	1.08282440	1.57757870	0.14217863	0.12623357	0.12787351	-0.98540149	-0.00316759	0.00071186	2.18760400	0.78142545	0.32002151	0.29667465	0.05209127
0.06086145	51.17513000	11.27347100	2.37986100	1.09318600	1.57811470	0.13972006	0.12393437	0.12521055	-0.99116932	-0.00298627	0.00071528	2.10798790	0.77278677	0.32281475	0.31553705	0.04938977
0.06343709	53.34084800	11.37775300	2.36697610	1.10261590	1.57817490	0.13729526	0.12171859	0.12268366	-0.99642287	-0.00280910	0.00071827	2.03240930	0.76407602	0.32536663	0.33320751	0.04696155
0.06605119	55.53890300	11.47852400	2.35502920	1.11119120	1.57780750	0.13491099	0.11958550	0.12028778	-1.00121620	-0.00263687	0.00072134	1.96073400	0.75561990	0.32766288	0.34963578	0.04477243
0.06870317	57.76880800	11.57611400	2.34398390	1.11898380	1.57705620	0.13257234	0.11753343	0.11801468	-1.00559660	-0.00247033	0.00072474	1.89277710	0.74769483	0.32969343	0.36479961	0.04279275
0.07139246	60.03009000	11.67081200	2.33379800	1.12606070	1.57596090	0.13028359	0.11556014	0.11585508	-1.00960580	-0.00231095	0.00072847	1.82833940	0.74052705	0.33145161	0.37869942	0.04099663
0.07411853	62.32229300	11.76287800	2.32442360	1.13248380	1.57455740	0.12804852	0.11366287	0.11380174	-1.01328060	-0.00216096	0.00073257	1.76724010	0.73429887	0.33293419	0.39135405	0.03936128
0.07688084	64.64497200	11.85253700	2.31580930	1.13831000	1.57287870	0.12587009	0.11183836	0.11184813	-1.01665320	-0.00202188	0.00073666	1.70930550	0.72915229	0.33414246	0.40279757	0.03786678
0.07967888	66.99769900	11.93998800	2.30790290	1.14359120	1.57095570	0.12374988	0.11008303	0.10998760	-1.01975160	-0.00189370	0.00074050	1.65435390	0.72519127	0.33508258	0.41307606	0.03649609
0.08251216	69.38005400	12.02540900	2.30065170	1.14837490	1.56881760	0.12168811	0.10839329	0.10821333	-1.02260030	-0.00177509	0.00074415	1.60219720	0.72248750	0.33576293	0.42224421	0.03523449
0.08538020	71.79163300	12.10895300	2.29400410	1.15270420	1.56649120	0.11968540	0.10676559	0.10651834	-1.02522040	-0.00166561	0.00074773	1.55266540	0.72108686	0.33619368	0.43036341	0.03406922
0.08828253	74.23204300	12.19076000	2.28791020	1.15661850	1.56400030	0.11774167	0.10519648	0.10489653	-1.02763060	-0.00156781	0.00075115	1.50559650	0.72101389	0.33638779	0.43750045	0.03298931
0.09121869	76.70090200	12.27094900	2.28232350	1.16015390	1.56136660	0.11585604	0.10368260	0.10334162	-1.02984700	-0.00148539	0.00075431	1.46082630	0.72227434	0.33636103	0.44372558	0.03198510
0.09418824	79.19783600	12.34962800	2.27720000	1.16334370	1.55861110	0.11402754	0.10222083	0.10184741	-1.03188420	-0.00142216	0.00075713	1.41819980	0.72485587	0.33613040	0.44911120	0.03104800
0.09719074	81.72248500	12.42689200	2.27249790	1.16621840	1.55575340	0.11225548	0.10080815	0.10040956	-1.03375440	-0.00138039	0.00075968	1.37758320	0.72873440	0.33571311	0.45372999	0.03017105
0.10022579	84.27449500	12.50282700	2.26817740	1.16880630	1.55281080	0.11053927	0.09944167	0.09902485	-1.03546780	-0.00136019	0.00076232	1.33886000	0.73387921	0.33512488	0.45765249	0.02934862
0.10329298	86.85352700	12.57750900	2.26420060	1.17113300	1.54979860	0.10887719	0.09811877	0.09769005	-1.03703380	-0.00135770	0.00076538	1.30191710	0.74025461	0.33438130	0.46094585	0.02857574
0.10639191	89.45924800	12.65101000	2.26053130	1.17322190	1.54672850	0.10726849	0.09683690	0.09640138	-1.03846140	-0.00136596	0.00076891	1.26664790	0.74782069	0.33349625	0.46367321	0.02784752
0.10952219	92.09133400	12.72339200	2.25713570	1.17509460	1.54361080	0.10571228	0.09559372	0.09515596	-1.03975900	-0.00137759	0.00077262	1.23295330	0.75653469	0.33248397	0.46589272	0.02715953
0.11268345	94.74947200	12.79471100	2.25398410	1.17677060	1.54045510	0.10420621	0.09438719	0.09395222	-1.04093340	-0.00138822	0.00077625	1.20073930	0.76635477	0.33135745	0.46765788	0.02650842
0.11587533	97.43335500	12.86502000	2.25105160	1.17826730	1.53726950	0.10274814	0.09321544	0.09278708	-1.04199040	-0.00139727	0.00078002	1.16991020	0.77724027	0.33012848	0.46901894	0.02589149
0.11909748	100.14268000	12.93436800	2.24831580	1.17960020	1.53406060	0.10133649	0.09207675	0.09165733	-1.04293560	-0.00140453	0.00078418	1.14038080	0.78914733	0.32880961	0.47002370	0.02530602
0.12234954	102.87717000	13.00279800	2.24575360	1.18078290	1.53083330	0.09996953	0.09096950	0.09056046	-1.04377480	-0.00140741	0.00078855	1.11207630	0.80203068	0.32741404	0.47071781	0.02474895
0.12563119	105.63653000	13.07034900	2.24334170	1.18182800	1.52759160	0.09864588	0.08989226	0.08949576	-1.04451250	-0.00140177	0.00079282	1.08493800	0.81584395	0.32595444	0.47114498	0.02421771
0.12894209	108.42048000	13.13705800	2.24105910	1.18274670	1.52433850	0.09736367	0.08884358	0.08846229	-1.04515280	-0.00138661	0.00079691	1.05890070	0.83054393	0.32444311	0.47134606	0.02371057
0.13228191	111.22877000	13.20295700	2.23888720	1.18354900	1.52107750	0.09612115	0.08782209	0.08745736	-1.04569930	-0.00136567	0.00080106	1.03389560	0.84608972	0.32289182	0.47135820	0.02322567
0.13565036	114.06112000	13.26807700	2.23681110	1.18424350	1.51781320	0.09491632	0.08682660	0.08647896	-1.04615610	-0.00134414	0.00080571	1.00986290	0.86244134	0.32131072	0.47121548	0.02276105
0.13904713	116.91728000	13.33244400	2.23481850	1.18483840	1.51455120	0.09374745	0.08585592	0.08552427	-1.04652650	-0.00132587	0.00081112	0.98673926	0.87955700	0.31970863	0.47094905	0.02231503
0.14247192	119.79700000	13.39608300	2.23289770	1.18534130	1.51129920	0.09261197	0.08490889	0.08459148	-1.04681350	-0.00131179	0.00081704	0.96446194	0.89739376	0.31809292	0.47058650	0.02188637
0.14592445	122.70004000	13.45901700	2.23103570	1.18575910	1.50806330	0.09150813	0.08398445	0.08368080	-1.04701960	-0.00130293	0.00082290	0.94298980	0.91591193	0.31646829	0.47015231	0.02147394
0.14940443	125.62617000	13.52126700	2.22921950	1.18609860	1.50484710	0.09043551	0.08308172	0.08279259	-1.04714720	-0.00130497	0.00082868	0.92229282	0.93507591	0.31483885	0.46966784	0.02107689
0.15291158	128.57515000	13.58285400	2.22743860	1.18636520	1.50165230	0.08939327	0.08219997	0.08192603	-1.04719850	-0.00132499	0.00083456	0.90233555	0.95485335	0.31321024	0.46915062	0.02069451
0.15644565	131.54675000	13.64379800	2.22568460	1.18656350	1.49848080	0.08837979	0.08133858	0.08107901	-1.04717580	-0.00136758	0.00084043	0.88307605	0.97521375	0.31158978	0.46861475	0.02032587
0.16000636	134.54076000	13.70411700	2.22395130	1.18669740	1.49533330	0.08739320	0.08049688	0.08025013	-1.04708130	-0.00143407	0.00084593	0.86447557	0.99612553	0.30998467	0.46807209	0.01996984
0.16359346	137.55697000	13.76382800	2.22223410	1.18677090	1.49220820	0.08643311	0.07967425	0.07943852	-1.04691730	-0.00152235	0.00085084	0.84650593	1.01755620	0.30840233	0.46753321	0.01962558
0.16720670	140.59515000	13.82294400	2.22052790	1.18678730	1.48910360	0.08549971	0.07887002	0.07864488	-1.04668510	-0.00162890	0.00085518	0.82915267	1.03947260	0.30685144	0.46700852	0.01929241
0.17084584	143.65511000	13.88148100	2.21882650	1.18675000	1.48601950	0.08459169	0.07808347	0.07786853	-1.04638660	-0.00174832	0.00085915	0.81238583	1.06184270	0.30533852	0.46650889	0.01896959
0.17451065	146.73664000	13.93945200	2.21712290	1.18666160	1.48295680	0.08370705	0.07731388	0.07710892	-1.04602280	-0.00187356	0.00086282	0.79617096	1.08463860	0.30386598	0.46604445	0.01865673
0.17820088	149.83956000	13.99686900	2.21541140	1.18652490	1.47991540	0.08284431	0.07656064	0.07636582	-1.04559500	-0.00200078	0.00086626	0.78047953	1.10783840	0.30243436	0.46562285	0.01835348
0.18191632	152.96367000	14.05374500	2.21368820	1.18634200	1.47689340	0.08200256	0.07582331	0.07563872	-1.04510450	-0.00213267	0.00086940	0.76528896	1.13142120	0.30104538	0.46524931	0.01805942
0.18565673	156.10879000	14.11009200	2.21195040	1.18611480	1.47388800	0.08118141	0.07510149	0.07492652	-1.04455270	-0.00227795	0.00087190	0.75057800	1.15536630	0.29970263	0.46492762	0.01777415
0.18942191	159.27473000	14.16592300	2.21019510	1.18584520	1.47089680	0.08038014	0.07439472	0.07422873	-1.04394110	-0.00244457	0.00087347	0.73632681	1.17965160	0.29840987	0.46466078	0.01749725
0.19321164	162.46131000	14.22124900	2.20841920	1.18553460	1.46791850	0.07959777	0.07370258	0.07354471	-1.04327080	-0.00263377	0.00087414	0.72251481	1.20425660	0.29717084	0.46445174	0.01722841
0.19702572	165.66836000	14.27608000	2.20662010	1.18518470	1.46495350	0.07883256	0.07302464	0.07287433	-1.04254290	-0.00284171	0.00087381	0.70911949	1.22916060	0.29598753	0.46430310	0.01696734
0.20086394	168.89572000	14.33042800	2.20479530	1.18479730	1.46200220	0.07808364	0.07236049	0.07221790	-1.04175840	-0.00306148	0.00087227	0.69612478	1.25434420	0.29485876	0.46421660	0.01671369
0.20472611	172.14321000	14.38430300	2.20294240	1.18437410	1.45906420	0.07735156	0.07170968	0.07157464	-1.04091850	-0.00328444	0.00086952	0.68351726	1.27978940	0.29378338	0.46419261	0.01646682
0.20861203	175.41067000	14.43771200	2.20105900	1.18391650	1.45614060	0.07663611	0.07107179	0.07094325	-1.04002480	-0.00350695	0.00086612	0.67127997	1.30547780	0.29276121	0.46422993	0.01622591
0.21252151	178.69794000	14.49066200	2.19914250	1.18342610	1.45323470	0.07593529	0.07044651	0.07032371	-1.03907810	-0.00372854	0.00086266	0.65939445	1.33139030	0.29178866	0.46432602	0.01599038
0.21645437	182.00487000	14.54315800	2.19719180	1.18290480	1.45034720	0.07524823	0.06983343	0.06971631	-1.03807920	-0.00394762	0.00085927	0.64784717	1.35751000	0.29085763	0.46447713	0.01576000
0.22041042	185.33130000	14.59520600	2.19520830	1.18235440	1.44747500	0.07457537	0.06923212	0.06912135	-1.03702830	-0.00416454	0.00085567	0.63663006	1.38382090	0.28996183	0.46467888	0.01553484
0.22438950	188.67710000	14.64681300	2.19319530	1.18177690	1.44461540	0.07391671	0.06864220	0.06853769	-1.03592610	-0.00438523	0.00085177	0.62572523	1.41030730	0.28909892	0.46492701	0.01531479
0.22839142	192.04210000	14.69798300	2.19115570	1.18117370	1.44176750	0.07327251	0.06806336	0.06796402	-1.03477280	-0.00461710	0.00084758	0.61511807	1.43695010	0.28826813	0.46521832	0.01509950
0.23241602	195.42617000	14.74872300	2.18909020	1.18054530	1.43893260	0.07264212	0.06749531	0.06740026	-1.03356930	-0.00486306	0.00084301	0.60479911	1.46373030	0.28746891	0.46555179	0.01488878
0.23646314	198.82917000	14.79903700	2.18699850	1.17989200	1.43611120	0.07202390	0.06693781	0.06684621	-1.03231580	-0.00511699	0.00083761	0.59475393	1.49063050	0.28669884	0.46592875	0.01468254
0.24053260	202.25097000	14.84893100	2.18487890	1.17921370	1.43330070	0.07141726	0.06639045	0.06630237	-1.03101280	-0.00536606	0.00083135	0.58497812	1.51763750	0.28595660	0.46635205	0.01448099
0.24462426	205.69142000	14.89841200	2.18273080	1.17851070	1.43049820	0.07082248	0.06585283	0.06576842	-1.02966070	-0.00559829	0.00082457	0.57546435	1.54474310	0.28524194	0.46682465	0.01428434
0.24873795	209.15040000	14.94748800	2.18055390	1.17778340	1.42770200	0.07023947	0.06532465	0.06524350	-1.02826040	-0.00580823	0.00081765	0.56619973	1.57194040	0.28455391	0.46734868	0.01409229
0.25287352	212.62778000	14.99616400	2.17834690	1.17703230	1.42491000	0.06966723	0.06480567	0.06472680	-1.02681300	-0.00599418	0.00081059	0.55716776	1.59922010	0.28388994	0.46792541	0.01390416
0.25703082	216.12343000	15.04444400	2.17610780	1.17625770	1.42211820	0.06910564	0.06429565	0.06421877	-1.02531930	-0.00615884	0.00080362	0.54836415	1.62656900	0.28324884	0.46855484	0.01371958
0.26120971	219.63724000	15.09233300	2.17383340	1.17545980	1.41932330	0.06855403	0.06379440	0.06372033	-1.02377970	-0.00631032	0.00079717	0.53978533	1.65397350	0.28263106	0.46923544	0.01353858
0.26541005	223.16908000	15.13983400	2.17152170	1.17463870	1.41652400	0.06801171	0.06330169	0.06323166	-1.02219440	-0.00645613	0.00079149	0.53142527	1.68142270	0.28203673	0.46996493	0.01336123
0.26963169	226.71883000	15.18695300	2.16917250	1.17379450	1.41372040	0.06747886	0.06281719	0.06275124	-1.02056390	-0.00659926	0.00078649	0.52327296	1.70890600	0.28146412	0.47074031	0.01318725
0.27387450	230.28637000	15.23369300	2.16678580	1.17292750	1.41091290	0.06695501	0.06234066	0.06227786	-1.01888880	-0.00673956	0.00078216	0.51531501	1.73641060	0.28091086	0.47155751	0.01301651
0.27813833	233.87161000	15.28005900	2.16436120	1.17203820	1.40810130	0.06643983	0.06187196	0.06181131	-1.01716910	-0.00687552	0.00077882	0.50754397	1.76392420	0.28037485	0.47241201	0.01284911
0.28242307	237.47441000	15.32605600	2.16189670	1.17112740	1.40528570	0.06593304	0.06141088	0.06135273	-1.01540510	-0.00700340	0.00077687	0.49995880	1.79143780	0.27985573	0.47329986	0.01268524
0.28672858	241.09468000	15.37168900	2.15939060	1.17019580	1.40246740	0.06543395	0.06095720	0.06090218	-1.01359700	-0.00711991	0.00077640	0.49255091	1.81894770	0.27935325	0.47421826	0.01252516
0.29105473	244.73231000	15.41696500	2.15684210	1.16924380	1.39964690	0.06494221	0.06051069	0.06045945	-1.01174510	-0.00722456	0.00077718	0.48531235	1.84645520	0.27886357	0.47516530	0.01236911
0.29540140	248.38719000	15.46189400	2.15425170	1.16827170	1.39682060	0.06445913	0.06007108	0.06002469	-1.00985020	-0.00731951	0.00077918	0.47824423	1.87396430	0.27838294	0.47613876	0.01221711
0.29976847	252.05923000	15.50648100	2.15162210	1.16727890	1.39398640	0.06398420	0.05963814	0.05959695	-1.00791340	-0.00740850	0.00078225	0.47133651	1.90147810	0.27791118	0.47713580	0.01206873
0.30415581	255.74831000	15.55073500	2.14895700	1.16626450	1.39114500	0.06351577	0.05921164	0.05917495	-1.00593590	-0.00749704	0.00078611	0.46457594	1.92899300	0.27744852	0.47815356	0.01192337
0.30856331	259.45434000	15.59465800	2.14625890	1.16522760	1.38829790	0.06305293	0.05879139	0.05875843	-1.00391800	-0.00758857	0.00079074	0.45795686	1.95650320	0.27699497	0.47919021	0.01178112
0.31299085	263.17722000	15.63825800	2.14352820	1.16416810	1.38544660	0.06259618	0.05837731	0.05834767	-1.00185990	-0.00768423	0.00079627	0.45147979	1.98400680	0.27655138	0.48024526	0.01164235
0.31743833	266.91686000	15.68154200	2.14076370	1.16308610	1.38259230	0.06214581	0.05796930	0.05794348	-0.99976203	-0.00778609	0.00080269	0.44514345	2.01150650	0.27611893	0.48131810	0.01150696
0.32190562	270.67317000	15.72451600	2.13796350	1.16198210	1.37973580	0.06170136	0.05756712	0.05754592	-0.99762529	-0.00789612	0.00080969	0.43894095	2.03900240	0.27569752	0.48240547	0.01137458
0.32639262	274.44605000	15.76718600	2.13512570	1.16085610	1.37687680	0.06126223	0.05717059	0.05715495	-0.99545035	-0.00801374	0.00081677	0.43286744	2.06649280	0.27528714	0.48350178	0.01124498
0.33089922	278.23540000	15.80955500	2.13224930	1.15970780	1.37401740	0.06082851	0.05677952	0.05677019	-0.99323797	-0.00813427	0.00082294	0.42692044	2.09397410	0.27488861	0.48460120	0.01111783
0.33542531	282.04116000	15.85162800	2.12933450	1.15853750	1.37116170	0.06040058	0.05639382	0.05639019	-0.99098874	-0.00825189	0.00082758	0.42109428	2.12144070	0.27450216	0.48569926	0.01099280
0.33997080	285.86321000	15.89340700	2.12638180	1.15734530	1.36831450	0.05997867	0.05601336	0.05601363	-0.98870307	-0.00836380	0.00083116	0.41538180	2.14888390	0.27412746	0.48679353	0.01086976
0.34453558	289.70149000	15.93489500	2.12339060	1.15613200	1.36547950	0.05956237	0.05563796	0.05564094	-0.98638095	-0.00846578	0.00083429	0.40978095	2.17629610	0.27376455	0.48788403	0.01074880
0.34911955	293.55591000	15.97609600	2.12035920	1.15489870	1.36265820	0.05915116	0.05526733	0.05527284	-0.98402251	-0.00855211	0.00083733	0.40428941	2.20367310	0.27341291	0.48897222	0.01063009
0.35372261	297.42637000	16.01701300	2.11728700	1.15364670	1.35984940	0.05874561	0.05490120	0.05491020	-0.98162819	-0.00861983	0.00084049	0.39890625	2.23101180	0.27307089	0.49005837	0.01051345
0.35834466	301.31281000	16.05764900	2.11417480	1.15237720	1.35704970	0.05834585	0.05453948	0.05455326	-0.97919868	-0.00866999	0.00084345	0.39362868	2.25830600	0.27273650	0.49114064	0.01039852
0.36298561	305.21513000	16.09800500	2.11102460	1.15109030	1.35425530	0.05795203	0.05418214	0.05420163	-0.97673443	-0.00870511	0.00084598	0.38845488	2.28554820	0.27240749	0.49221646	0.01028504
0.36764536	309.13326000	16.13808300	2.10783900	1.14978570	1.35146220	0.05756510	0.05382916	0.05385399	-0.97423557	-0.00872615	0.00084818	0.38338425	2.31272950	0.27208120	0.49328354	0.01017317
0.37232381	313.06712000	16.17788600	2.10461940	1.14846260	1.34866780	0.05718413	0.05348047	0.05351060	-0.97170195	-0.00873498	0.00085043	0.37841548	2.33984410	0.27175584	0.49434095	0.01006332
0.37702088	317.01664000	16.21741900	2.10136610	1.14712030	1.34587000	0.05680841	0.05313591	0.05317144	-0.96913346	-0.00873701	0.00085278	0.37354526	2.36689130	0.27142939	0.49538936	0.00995593
0.38173648	320.98173000	16.25668600	2.09807950	1.14575890	1.34306670	0.05643730	0.05279538	0.05283558	-0.96653032	-0.00874205	0.00085521	0.36876379	2.39387560	0.27110079	0.49642971	0.00985110
0.38647051	324.96233000	16.29569500	2.09476050	1.14437880	1.34025590	0.05607037	0.05245883	0.05250293	-0.96389295	-0.00875605	0.00085766	0.36406457	2.42080220	0.27076968	0.49746284	0.00974884
0.39122289	328.95835000	16.33445100	2.09140910	1.14298020	1.33743730	0.05570766	0.05212624	0.05217315	-0.96122193	-0.00878049	0.00086033	0.35944465	2.44767560	0.27043851	0.49849047	0.00964901
0.39599353	332.96972000	16.37296000	2.08802270	1.14156370	1.33461370	0.05534814	0.05179760	0.05184642	-0.95851805	-0.00882022	0.00086356	0.35489966	2.47449750	0.27011058	0.49951532	0.00955116
0.40078235	336.99638000	16.41122400	2.08459790	1.14012940	1.33178730	0.05499170	0.05147276	0.05152417	-0.95578220	-0.00888037	0.00086747	0.35043216	2.50126710	0.26978722	0.50053831	0.00945470
0.40558925	341.03824000	16.44924600	2.08113340	1.13867740	1.32895750	0.05463927	0.05115163	0.05120697	-0.95301499	-0.00895925	0.00087173	0.34604591	2.52797950	0.26947035	0.50155727	0.00935925
0.41041415	345.09525000	16.48702400	2.07763030	1.13720740	1.32612400	0.05429032	0.05083416	0.05089411	-0.95021658	-0.00904796	0.00087573	0.34173639	2.55462750	0.26916300	0.50256880	0.00926481
0.41525697	349.16731000	16.52456100	2.07409010	1.13571850	1.32328740	0.05394464	0.05052019	0.05058434	-0.94738666	-0.00913644	0.00087907	0.33749842	2.58120640	0.26886682	0.50357030	0.00917187
0.42011763	353.25438000	16.56186000	2.07051190	1.13421060	1.32044730	0.05360230	0.05020950	0.05027737	-0.94452509	-0.00921902	0.00088181	0.33333000	2.60771590	0.26858104	0.50456005	0.00908089
0.42499603	357.35637000	16.59892600	2.06689270	1.13268340	1.31760300	0.05326392	0.04990203	0.04997363	-0.94163221	-0.00929447	0.00088439	0.32923360	2.63415990	0.26830311	0.50553620	0.00899174
0.42989211	361.47322000	16.63576300	2.06323050	1.13113740	1.31475320	0.05292908	0.04959782	0.04967285	-0.93870882	-0.00936442	0.00088722	0.32520541	2.66054020	0.26803055	0.50649715	0.00890378
0.43480577	365.60485000	16.67236900	2.05952620	1.12957290	1.31189710	0.05259806	0.04929696	0.04937400	-0.93575545	-0.00943305	0.00089027	0.32124259	2.68685230	0.26776278	0.50744202	0.00881648
0.43973693	369.75120000	16.70874500	2.05578120	1.12799080	1.30903530	0.05227155	0.04899942	0.04907653	-0.93277220	-0.00950298	0.00089263	0.31734610	2.71308520	0.26750086	0.50837104	0.00872975
0.44468552	373.91221000	16.74489100	2.05199550	1.12639220	1.30617210	0.05194941	0.04870512	0.04878158	-0.92975873	-0.00957412	0.00089332	0.31351771	2.73922720	0.26724579	0.50928605	0.00864399
0.44965145	378.08779000	16.78080800	2.04816680	1.12477880	1.30331250	0.05163084	0.04841403	0.04849028	-0.92671467	-0.00964502	0.00089184	0.30975394	2.76527360	0.26699659	0.51018929	0.00855971
0.45463464	382.27789000	16.81650000	2.04429310	1.12315170	1.30045880	0.05131576	0.04812603	0.04820291	-0.92364010	-0.00971698	0.00088824	0.30605273	2.79122420	0.26674987	0.51108162	0.00847714
0.45963502	386.48244000	16.85197200	2.04037180	1.12151140	1.29761040	0.05100440	0.04784091	0.04791961	-0.92053526	-0.00979197	0.00088284	0.30241438	2.81708090	0.26650191	0.51196248	0.00839645
0.46465249	390.70136000	16.88722900	2.03640200	1.11985800	1.29476550	0.05069617	0.04755851	0.04764031	-0.91740063	-0.00987170	0.00087636	0.29883673	2.84284930	0.26624880	0.51283104	0.00831761
0.46968698	394.93459000	16.92227600	2.03238540	1.11819100	1.29191990	0.05039124	0.04727881	0.04736449	-0.91423674	-0.00995859	0.00086943	0.29531845	2.86853360	0.26598820	0.51368708	0.00824032
0.47473841	399.18207000	16.95711400	2.02832540	1.11651010	1.28907090	0.05008939	0.04700182	0.04709027	-0.91104429	-0.01005565	0.00086228	0.29185136	2.89413270	0.26572041	0.51453028	0.00816411
0.47980670	403.44372000	16.99174600	2.02422270	1.11481480	1.28621960	0.04979019	0.04672755	0.04681645	-0.90782351	-0.01016753	0.00085515	0.28842959	2.91964120	0.26544626	0.51535920	0.00808885
0.48489176	407.71948000	17.02617300	2.02007460	1.11310510	1.28336840	0.04949371	0.04645586	0.04654469	-0.90457429	-0.01029750	0.00084840	0.28505849	2.94505820	0.26516632	0.51617160	0.00801503
0.48999352	412.00927000	17.06040000	2.01587790	1.11138090	1.28051900	0.04920020	0.04618656	0.04627597	-0.90129684	-0.01044756	0.00084209	0.28174102	2.97039040	0.26488221	0.51696456	0.00794287
0.49511189	416.31303000	17.09443200	2.01163250	1.10964250	1.27767210	0.04890966	0.04591961	0.04601013	-0.89799204	-0.01061683	0.00083569	0.27847609	2.99564290	0.26459450	0.51773429	0.00787194
0.50024678	420.63069000	17.12826800	2.00734150	1.10789010	1.27482670	0.04862201	0.04565496	0.04574713	-0.89466052	-0.01079861	0.00082847	0.27526289	3.02081380	0.26430188	0.51847670	0.00780182
0.50539811	424.96217000	17.16191100	2.00300920	1.10612420	1.27197920	0.04833756	0.04539265	0.04548697	-0.89130228	-0.01098582	0.00082034	0.27210078	3.04589530	0.26400329	0.51918860	0.00773249
0.51056580	429.30740000	17.19536200	1.99863870	1.10434540	1.26912660	0.04805552	0.04513275	0.04523030	-0.88791673	-0.01117217	0.00081194	0.26898776	3.07088250	0.26370058	0.51986901	0.00766451
0.51574976	433.66632000	17.22862600	1.99423140	1.10255370	1.26626680	0.04777519	0.04487521	0.04497671	-0.88450339	-0.01135006	0.00080410	0.26592006	3.09577740	0.26339465	0.52051911	0.00759846
0.52094991	438.03884000	17.26170900	1.98978600	1.10074930	1.26339660	0.04749758	0.04461992	0.04472499	-0.88106273	-0.01151139	0.00079728	0.26289616	3.12058520	0.26308577	0.52114116	0.00753402
0.52616615	442.42490000	17.29461500	1.98530000	1.09893230	1.26051520	0.04722320	0.04436683	0.04447530	-0.87759535	-0.01164934	0.00079148	0.25991643	3.14530980	0.26277488	0.52173710	0.00747062
0.53139840	446.82442000	17.32734300	1.98077310	1.09710260	1.25762490	0.04695085	0.04411591	0.04422798	-0.87410165	-0.01176134	0.00078650	0.25697783	3.16995230	0.26246235	0.52230796	0.00740788
0.53664657	451.23732000	17.35989600	1.97620760	1.09525970	1.25472930	0.04667916	0.04386711	0.04398254	-0.87058194	-0.01184853	0.00078228	0.25407462	3.19451030	0.26214752	0.52285385	0.00734564
0.54191056	455.66353000	17.39227300	1.97160580	1.09340350	1.25183210	0.04640767	0.04362033	0.04373886	-0.86703627	-0.01190673	0.00077883	0.25120406	3.21898040	0.26183023	0.52337420	0.00728414
0.54719029	460.10297000	17.42447500	1.96696890	1.09153410	1.24893690	0.04613688	0.04337545	0.04349719	-0.86346488	-0.01192878	0.00077604	0.24836764	3.24336180	0.26150878	0.52386851	0.00722342
0.55248565	464.55555000	17.45650400	1.96229870	1.08965210	1.24604370	0.04586805	0.04313243	0.04325690	-0.85986821	-0.01191348	0.00077376	0.24556720	3.26765220	0.26118063	0.52433764	0.00716314
0.55779654	469.02120000	17.48835800	1.95759630	1.08775770	1.24314950	0.04560181	0.04289122	0.04301790	-0.85624640	-0.01186495	0.00077173	0.24280277	3.29184590	0.26084444	0.52478358	0.00710310
0.56312288	473.49983000	17.52003600	1.95286260	1.08585130	1.24025030	0.04533820	0.04265181	0.04278037	-0.85259929	-0.01178620	0.00076953	0.24007319	3.31593730	0.26049926	0.52520867	0.00704343
0.56846455	477.99135000	17.55153900	1.94809850	1.08393250	1.23734170	0.04507765	0.04241424	0.04254524	-0.84892662	-0.01167937	0.00076674	0.23738356	3.33992470	0.26014461	0.52561523	0.00698451
0.57382146	482.49569000	17.58286900	1.94330540	1.08200060	1.23442010	0.04481992	0.04217862	0.04231215	-0.84522849	-0.01154911	0.00076342	0.23473444	3.36381020	0.25978210	0.52600596	0.00692659
0.57919349	487.01274000	17.61402700	1.93848500	1.08005480	1.23148450	0.04456473	0.04194494	0.04207996	-0.84150546	-0.01140201	0.00075991	0.23212137	3.38759730	0.25941491	0.52638415	0.00686956
0.58458054	491.54242000	17.64501600	1.93363840	1.07809500	1.22853390	0.04431167	0.04171319	0.04184890	-0.83775815	-0.01124457	0.00075650	0.22954208	3.41128830	0.25904526	0.52675218	0.00681326
0.58998249	496.08464000	17.67583600	1.92876680	1.07612070	1.22556610	0.04406107	0.04148329	0.04161926	-0.83398743	-0.01108204	0.00075303	0.22699784	3.43488380	0.25867580	0.52711026	0.00675732
0.59539924	500.63929000	17.70648700	1.92387160	1.07413180	1.22257910	0.04381370	0.04125507	0.04139061	-0.83019380	-0.01091721	0.00074961	0.22448807	3.45837790	0.25830796	0.52745662	0.00670160
0.60083066	505.20628000	17.73696700	1.91895290	1.07212780	1.21957420	0.04356921	0.04102839	0.04116354	-0.82637705	-0.01075164	0.00074610	0.22201258	3.48176650	0.25794208	0.52778787	0.00664656
0.60627664	509.78551000	17.76727900	1.91401130	1.07010810	1.21655480	0.04332611	0.04080323	0.04093732	-0.82253714	-0.01058806	0.00074252	0.21956513	3.50504990	0.25757598	0.52809969	0.00659243
0.61173705	514.37688000	17.79742400	1.90904730	1.06807220	1.21352260	0.04308455	0.04057959	0.04071185	-0.81867434	-0.01042755	0.00073893	0.21714606	3.52822800	0.25720774	0.52838765	0.00653912
0.61721177	518.98028000	17.82740500	1.90406020	1.06602020	1.21047860	0.04284458	0.04035743	0.04048842	-0.81478895	-0.01027207	0.00073541	0.21475889	3.55129830	0.25683776	0.52864692	0.00648634
0.62270066	523.59559000	17.85722000	1.89904870	1.06395200	1.20742650	0.04260524	0.04013666	0.04026695	-0.81088112	-0.01012363	0.00073197	0.21239949	3.57425730	0.25646611	0.52887275	0.00643395
0.62820360	528.22271000	17.88687000	1.89401120	1.06186810	1.20436820	0.04236620	0.03991728	0.04004706	-0.80695058	-0.00998524	0.00072861	0.21006501	3.59710300	0.25609033	0.52906167	0.00638219
0.63372043	532.86152000	17.91635800	1.88894510	1.05976900	1.20130320	0.04212858	0.03969930	0.03983052	-0.80299729	-0.00986027	0.00072561	0.20776360	3.61983850	0.25570874	0.52921151	0.00633132
0.63925103	537.51190000	17.94568400	1.88384910	1.05765490	1.19823110	0.04189322	0.03948277	0.03961731	-0.79902160	-0.00975033	0.00072333	0.20549658	3.64246810	0.25532062	0.52932045	0.00628116
0.64479523	542.17373000	17.97485000	1.87872470	1.05552590	1.19515300	0.04165994	0.03926773	0.03940680	-0.79502408	-0.00965646	0.00072196	0.20326188	3.66499240	0.25492581	0.52938666	0.00623150
0.65035290	546.84688000	18.00385500	1.87357400	1.05338130	1.19207080	0.04142860	0.03905420	0.03919722	-0.79100503	-0.00957878	0.00072103	0.20105583	3.68740730	0.25452345	0.52940886	0.00618216
0.65592388	551.53121000	18.03270000	1.86839790	1.05122130	1.18898620	0.04119949	0.03884217	0.03898765	-0.78696450	-0.00951642	0.00072025	0.19887629	3.70970880	0.25411175	0.52938688	0.00613340
0.66150801	556.22661000	18.06138600	1.86319620	1.04904600	1.18589900	0.04097307	0.03863158	0.03877893	-0.78290220	-0.00946712	0.00071926	0.19672537	3.73189730	0.25368824	0.52932131	0.00608558
0.66710512	560.93292000	18.08991600	1.85796940	1.04685600	1.18281000	0.04074843	0.03842244	0.03857168	-0.77881852	-0.00942644	0.00071774	0.19460096	3.75397760	0.25325251	0.52921295	0.00603876
0.67271505	565.65001000	18.11829200	1.85271850	1.04465130	1.17972060	0.04052459	0.03821483	0.03836520	-0.77471408	-0.00939139	0.00071532	0.19249852	3.77595230	0.25280448	0.52906297	0.00599257
0.67833762	570.37772000	18.14651500	1.84744410	1.04243240	1.17663130	0.04030151	0.03800874	0.03815925	-0.77058943	-0.00936067	0.00071222	0.19041833	3.79782130	0.25234486	0.52887308	0.00594683
0.68397265	575.11592000	18.17458500	1.84214630	1.04019990	1.17354280	0.04007873	0.03780414	0.03795443	-0.76644473	-0.00933574	0.00070840	0.18836053	3.81958410	0.25187381	0.52864475	0.00590154
0.68961996	579.86444000	18.20250100	1.83682550	1.03795490	1.17045530	0.03985673	0.03760096	0.03775068	-0.76228027	-0.00931806	0.00070395	0.18632589	3.84124030	0.25139145	0.52837971	0.00585662
0.69527935	584.62312000	18.23026500	1.83148210	1.03569920	1.16736910	0.03963661	0.03739916	0.03754808	-0.75809620	-0.00930766	0.00069887	0.18431787	3.86278870	0.25089799	0.52808052	0.00581195
0.70095063	589.39180000	18.25787400	1.82611730	1.03343440	1.16428450	0.03941908	0.03719875	0.03734615	-0.75389283	-0.00930611	0.00069345	0.18233544	3.88422690	0.25039359	0.52775012	0.00576726
0.70663361	594.17030000	18.28532500	1.82073170	1.03116250	1.16119950	0.03920348	0.03699973	0.03714558	-0.74967042	-0.00931795	0.00068800	0.18037616	3.90554780	0.24987794	0.52739101	0.00572235
0.71232807	598.95847000	18.31261700	1.81532590	1.02888460	1.15810780	0.03898980	0.03680204	0.03694676	-0.74542899	-0.00935022	0.00068291	0.17844067	3.92674310	0.24935122	0.52700444	0.00567729
0.71803379	603.75611000	18.33974700	1.80989930	1.02660130	1.15500120	0.03877861	0.03660572	0.03674949	-0.74116839	-0.00940849	0.00067806	0.17653001	3.94780470	0.24881478	0.52659042	0.00563242
0.72375057	608.56304000	18.36671500	1.80444910	1.02431220	1.15187510	0.03856952	0.03641073	0.03655496	-0.73688828	-0.00949198	0.00067308	0.17464612	3.96873070	0.24827054	0.52614782	0.00558824
0.72947818	613.37908000	18.39352300	1.79897390	1.02201650	1.14872840	0.03836157	0.03621699	0.03636276	-0.73258890	-0.00959616	0.00066791	0.17278565	3.98952380	0.24771892	0.52567415	0.00554479
0.73521639	618.20403000	18.42017200	1.79347600	1.01971290	1.14556090	0.03815452	0.03602448	0.03617201	-0.72827084	-0.00971475	0.00066310	0.17094644	4.01018320	0.24715774	0.52516659	0.00550169
0.74096496	623.03769000	18.44666200	1.78796070	1.01740000	1.14237140	0.03794862	0.03583317	0.03598273	-0.72393437	-0.00984049	0.00065896	0.16913005	4.03070530	0.24658530	0.52462355	0.00545899
0.74672365	627.87987000	18.47299300	1.78243440	1.01507690	1.13916160	0.03774452	0.03564301	0.03579451	-0.71957955	-0.00996951	0.00065539	0.16733738	4.05108720	0.24600104	0.52404504	0.00541682
0.75249221	632.73034000	18.49916600	1.77690210	1.01274300	1.13593580	0.03754225	0.03545395	0.03560675	-0.71520660	-0.01010071	0.00065226	0.16556542	4.07132890	0.24540385	0.52343141	0.00537532
0.75827039	637.58891000	18.52518400	1.77136780	1.01039820	1.13269950	0.03734137	0.03526599	0.03541985	-0.71081568	-0.01023058	0.00064913	0.16381250	4.09143400	0.24479221	0.52278261	0.00533465
0.76405794	642.45534000	18.55104700	1.76583410	1.00804180	1.12945600	0.03714162	0.03507916	0.03523436	-0.70640733	-0.01035001	0.00064544	0.16208009	4.11140760	0.24416480	0.52209815	0.00529477
0.76985458	647.32943000	18.57675800	1.76030240	1.00567350	1.12620750	0.03694201	0.03489351	0.03505019	-0.70198206	-0.01045230	0.00064106	0.16036471	4.13125350	0.24352132	0.52137650	0.00525558
0.77566006	652.21095000	18.60232000	1.75477330	1.00329280	1.12295510	0.03674266	0.03470908	0.03486806	-0.69754001	-0.01054073	0.00063628	0.15866755	4.15097770	0.24286093	0.52061505	0.00521732
0.78147409	657.09965000	18.62773400	1.74924840	1.00089890	1.11969740	0.03654488	0.03452595	0.03468731	-0.69308175	-0.01062495	0.00063131	0.15699157	4.17058920	0.24218276	0.51981159	0.00517995
0.78729640	661.99532000	18.65300300	1.74372840	0.99849090	1.11643290	0.03634885	0.03434417	0.03450657	-0.68860808	-0.01071259	0.00062651	0.15533552	4.19009250	0.24148669	0.51896526	0.00514315
0.79312671	666.89771000	18.67812700	1.73821170	0.99606844	1.11316020	0.03615413	0.03416366	0.03432612	-0.68411968	-0.01080350	0.00062209	0.15369841	4.20948780	0.24077302	0.51807558	0.00510669
0.79896472	671.80659000	18.70310600	1.73269470	0.99363149	1.10987610	0.03596137	0.03398424	0.03414639	-0.67961673	-0.01089073	0.00061811	0.15208121	4.22877400	0.24004283	0.51714091	0.00507054
0.80481015	676.72169000	18.72794100	1.72717430	0.99118014	1.10657810	0.03577067	0.03380572	0.03396726	-0.67509942	-0.01096504	0.00061462	0.15048324	4.24794990	0.23929831	0.51615883	0.00503481
0.81066270	681.64278000	18.75263100	1.72164670	0.98871456	1.10326440	0.03558191	0.03362799	0.03378900	-0.67056764	-0.01101788	0.00061180	0.14890499	4.26701510	0.23854118	0.51512782	0.00499972
0.81652206	686.56961000	18.77717800	1.71610810	0.98623514	1.09993460	0.03539370	0.03345103	0.03361168	-0.66602173	-0.01104628	0.00060966	0.14734297	4.28597160	0.23777408	0.51404767	0.00496527
0.82238795	691.50192000	18.80158500	1.71055550	0.98374267	1.09658910	0.03520573	0.03327490	0.03343571	-0.66146203	-0.01105296	0.00060798	0.14579706	4.30482130	0.23699939	0.51291905	0.00493131
0.82826006	696.43946000	18.82585000	1.70498780	0.98123825	1.09322920	0.03501755	0.03309973	0.03326078	-0.65688920	-0.01104058	0.00060648	0.14426506	4.32356560	0.23621949	0.51174357	0.00489756
0.83413809	701.38198000	18.84997300	1.69940420	0.97872323	1.08985520	0.03482910	0.03292557	0.03308671	-0.65230349	-0.01101289	0.00060538	0.14274662	4.34220180	0.23543464	0.51052366	0.00486392
0.84002173	706.32922000	18.87395400	1.69380300	0.97619925	1.08646510	0.03464136	0.03275240	0.03291432	-0.64770488	-0.01097740	0.00060492	0.14124506	4.36072840	0.23464462	0.50926212	0.00483086
0.84591069	711.28093000	18.89779500	1.68818150	0.97366775	1.08305510	0.03445567	0.03258026	0.03274390	-0.64309333	-0.01094358	0.00060499	0.13976349	4.37914870	0.23384817	0.50796159	0.00479872
0.85180464	716.23684000	18.92149900	1.68253820	0.97112960	1.07962310	0.03427245	0.03240919	0.03257637	-0.63846927	-0.01091770	0.00060525	0.13830538	4.39746810	0.23304455	0.50662484	0.00476762
0.85770330	721.19671000	18.94507100	1.67687420	0.96858497	1.07616990	0.03409082	0.03223915	0.03241191	-0.63383298	-0.01090153	0.00060570	0.13686882	4.41569350	0.23223206	0.50525447	0.00473765
0.86360636	726.16027000	18.96851500	1.67119440	0.96603350	1.07269690	0.03391022	0.03207012	0.03224858	-0.62918500	-0.01089638	0.00060659	0.13544731	4.43383100	0.23140729	0.50385221	0.00470881
0.86951352	731.12728000	18.99183400	1.66550380	0.96347442	1.06920410	0.03373096	0.03190214	0.03208559	-0.62452598	-0.01090287	0.00060792	0.13403922	4.45188500	0.23056673	0.50241851	0.00468093
0.87542449	736.09750000	19.01503100	1.65980610	0.96090650	1.06569170	0.03355255	0.03173517	0.03192291	-0.61985670	-0.01092080	0.00060962	0.13264361	4.46985880	0.22970952	0.50095294	0.00465382
0.88133897	741.07067000	19.03811000	1.65410290	0.95832837	1.06216250	0.03337437	0.03156909	0.03176002	-0.61517776	-0.01095167	0.00061156	0.13125982	4.48775510	0.22883516	0.49945503	0.00462734
0.88725669	746.04657000	19.06107000	1.64839560	0.95573917	1.05861960	0.03319639	0.03140389	0.03159687	-0.61048986	-0.01099715	0.00061327	0.12988851	4.50557470	0.22794422	0.49792514	0.00460114
0.89317737	751.02495000	19.08391000	1.64268430	0.95313894	1.05506600	0.03301950	0.03123956	0.03143370	-0.60579355	-0.01105675	0.00061452	0.12853120	4.52331400	0.22703749	0.49636385	0.00457475
0.89910074	756.00559000	19.10662900	1.63696900	0.95052817	1.05150380	0.03284463	0.03107612	0.03127076	-0.60108910	-0.01112822	0.00061548	0.12718960	4.54096500	0.22611626	0.49477096	0.00454793
0.90502653	760.98827000	19.12922200	1.63124930	0.94790743	1.04793600	0.03267207	0.03091355	0.03110840	-0.59637646	-0.01121024	0.00061653	0.12586476	4.55851970	0.22518111	0.49314573	0.00452069
0.91095450	765.97278000	19.15168700	1.62552560	0.94527716	1.04436650	0.03250118	0.03075185	0.03094607	-0.59165562	-0.01130057	0.00061777	0.12455394	4.57597030	0.22423297	0.49148783	0.00449301
0.91688439	770.95891000	19.17402000	1.61979810	0.94263783	1.04079840	0.03233147	0.03059108	0.03078409	-0.58692640	-0.01139447	0.00061921	0.12325580	4.59330960	0.22327152	0.48979746	0.00446506
0.92281597	775.94646000	19.19622000	1.61406700	0.93998966	1.03723380	0.03216316	0.03043133	0.03062338	-0.58218855	-0.01149078	0.00062095	0.12197214	4.61053390	0.22229836	0.48807457	0.00443713
0.92874903	780.93525000	19.21828600	1.60833240	0.93733233	1.03367590	0.03199500	0.03027262	0.03046444	-0.57744206	-0.01159223	0.00062290	0.12070188	4.62764130	0.22131432	0.48631878	0.00440934
0.93468336	785.92511000	19.24021900	1.60259450	0.93466525	1.03012710	0.03182573	0.03011486	0.03030648	-0.57268719	-0.01169805	0.00062489	0.11944185	4.64463080	0.22031902	0.48452992	0.00438166
0.94061876	790.91586000	19.26201800	1.59685410	0.93198827	1.02658610	0.03165593	0.02995798	0.03014930	-0.56792436	-0.01180403	0.00062699	0.11819332	4.66150040	0.21931110	0.48270853	0.00435399
0.94655505	795.90737000	19.28368200	1.59111050	0.92930186	1.02305020	0.03148646	0.02980195	0.02999387	-0.56315374	-0.01190549	0.00062923	0.11695892	4.67824790	0.21828986	0.48085538	0.00432637
0.95249207	800.89950000	19.30521100	1.58536150	0.92660653	1.01951560	0.03131779	0.02964670	0.02984095	-0.55837551	-0.01199843	0.00063159	0.11574028	4.69487200	0.21725482	0.47897074	0.00429895
0.95842967	805.89210000	19.32660600	1.57960520	0.92390251	1.01597990	0.03115019	0.02949220	0.02968974	-0.55358982	-0.01208062	0.00063432	0.11453662	4.71137300	0.21620687	0.47705441	0.00427171
0.96436771	810.88509000	19.34786700	1.57384070	0.92118992	1.01244220	0.03098374	0.02933848	0.02953851	-0.54879686	-0.01215231	0.00063744	0.11334484	4.72774910	0.21514722	0.47510632	0.00424464
0.97030608	815.87834000	19.36899500	1.56806540	0.91846905	1.00890170	0.03081893	0.02918556	0.02938744	-0.54399657	-0.01221606	0.00064066	0.11216641	4.74399830	0.21407699	0.47312669	0.00421782
0.97624468	820.87179000	19.38999000	1.56227590	0.91574035	1.00535740	0.03065610	0.02903342	0.02923679	-0.53918912	-0.01227598	0.00064338	0.11100233	4.76012100	0.21299737	0.47111606	0.00419126
0.98218342	825.86536000	19.41085300	1.55646850	0.91300431	1.00180780	0.03049531	0.02888207	0.02908602	-0.53437445	-0.01233473	0.00064533	0.10985077	4.77611810	0.21190916	0.46907490	0.00416502
0.98812225	830.85901000	19.43158700	1.55063920	0.91026124	0.99825042	0.03033639	0.02873157	0.02893607	-0.52955250	-0.01239219	0.00064654	0.10871268	4.79199270	0.21081193	0.46700277	0.00413932
0.99406112	835.85268000	19.45219500	1.54478560	0.90751106	0.99468262	0.03017896	0.02858194	0.02878797	-0.52472350	-0.01244903	0.00064720	0.10758948	4.80774990	0.20970477	0.46489821	0.00411411
1.00000000	840.84637000	19.47267700	1.53890920	0.90475322	0.99110263	0.03002175	0.02843320	0.02864133	-0.51988796	-0.01250985	0.00064744	0.10647781	4.82339260	0.20858684	0.46275976	0.00408914
1.00593890	845.84005000	19.49303400	1.53301310	0.90198702	0.98750792	0.02986382	0.02828529	0.02849554	-0.51504641	-0.01258028	0.00064752	0.10537505	4.83891940	0.20745800	0.46058648	0.00406403
1.01187770	850.83373000	19.51326500	1.52710040	0.89921204	0.98389442	0.02970549	0.02813816	0.02835039	-0.51019924	-0.01266071	0.00064744	0.10428204	4.85432550	0.20631808	0.45837822	0.00403849
1.01781660	855.82737000	19.53336700	1.52117410	0.89642836	0.98025816	0.02954814	0.02799174	0.02820616	-0.50534635	-0.01274520	0.00064716	0.10320176	4.86960570	0.20516731	0.45613555	0.00401260
1.02375530	860.82094000	19.55334000	1.51523790	0.89363631	0.97659908	0.02939259	0.02784605	0.02806280	-0.50048756	-0.01282674	0.00064651	0.10213504	4.88475720	0.20400547	0.45385883	0.00398656
1.02969390	865.81439000	19.57318100	1.50929610	0.89083619	0.97292111	0.02923828	0.02770104	0.02791946	-0.49562274	-0.01290037	0.00064553	0.10107865	4.89977920	0.20283142	0.45154753	0.00396046
1.03563230	870.80765000	19.59289100	1.50335200	0.88802831	0.96922968	0.02908420	0.02755671	0.02777581	-0.49075219	-0.01296279	0.00064426	0.10002977	4.91466880	0.20164337	0.44919988	0.00393404
1.04157030	875.80063000	19.61246600	1.49740650	0.88521322	0.96552874	0.02892977	0.02741310	0.02763205	-0.48587621	-0.01301320	0.00064292	0.09898782	4.92941990	0.20043955	0.44681331	0.00390690
1.04750790	880.79324000	19.63190200	1.49146030	0.88239175	0.96181921	0.02877545	0.02727020	0.02748884	-0.48099480	-0.01305298	0.00064138	0.09795513	4.94402470	0.19921855	0.44438566	0.00387892
1.05344500	885.78536000	19.65119500	1.48551510	0.87956492	0.95810087	0.02862205	0.02712801	0.02734673	-0.47610754	-0.01308339	0.00063929	0.09693383	4.95847670	0.19798050	0.44191604	0.00385035
1.05938120	890.77687000	19.67034300	1.47957300	0.87673364	0.95437505	0.02846995	0.02698650	0.02720603	-0.47121390	-0.01310519	0.00063651	0.09592447	4.97277270	0.19672610	0.43940466	0.00382170
1.06531660	895.76763000	19.68934500	1.47363530	0.87389842	0.95064491	0.02831906	0.02684569	0.02706646	-0.46631354	-0.01311981	0.00063332	0.09492592	4.98691400	0.19545562	0.43685193	0.00379348
1.07125100	900.75749000	19.70820500	1.46770110	0.87105930	0.94691268	0.02816916	0.02670561	0.02692782	-0.46140666	-0.01312724	0.00062974	0.09393851	5.00090500	0.19416852	0.43425855	0.00376582
1.07718400	905.74628000	19.72692300	1.46176950	0.86821624	0.94318002	0.02801986	0.02656628	0.02679014	-0.45649375	-0.01312571	0.00062553	0.09296212	5.01475050	0.19286517	0.43162574	0.00373840
1.08311560	910.73383000	19.74550000	1.45584000	0.86536938	0.93944918	0.02787135	0.02642767	0.02665396	-0.45157530	-0.01311548	0.00062040	0.09199744	5.02845040	0.19154588	0.42895455	0.00371087
1.08904550	915.71996000	19.76393400	1.44991110	0.86251877	0.93572318	0.02772386	0.02628981	0.02651990	-0.44665156	-0.01309892	0.00061454	0.09104537	5.04200140	0.19021062	0.42624552	0.00368312
1.09497350	920.70446000	19.78222300	1.44398090	0.85966411	0.93200369	0.02757707	0.02615271	0.02638747	-0.44172282	-0.01307938	0.00060834	0.09010483	5.05539950	0.18885816	0.42349918	0.00365505
1.10089930	925.68714000	19.80036400	1.43804710	0.85680503	0.92829021	0.02743061	0.02601637	0.02625630	-0.43678925	-0.01305980	0.00060212	0.08917584	5.06863970	0.18748779	0.42071711	0.00362659
1.10682260	930.66779000	19.81835500	1.43210800	0.85394163	0.92458059	0.02728473	0.02588086	0.02612641	-0.43185087	-0.01304160	0.00059581	0.08825968	5.08171680	0.18609876	0.41790211	0.00359776
1.11274330	935.64617000	19.83619400	1.42616310	0.85107467	0.92087164	0.02713996	0.02574619	0.02599782	-0.42690752	-0.01302478	0.00058918	0.08735623	5.09462670	0.18469081	0.41505752	0.00356875
1.11866100	940.62206000	19.85388000	1.42021400	0.84820516	0.91716003	0.02699637	0.02561241	0.02587017	-0.42195914	-0.01300933	0.00058203	0.08646347	5.10736730	0.18326412	0.41218647	0.00353982
1.12457550	945.59524000	19.87141200	1.41426230	0.84533395	0.91344274	0.02685385	0.02547951	0.02574358	-0.41700583	-0.01299765	0.00057457	0.08558076	5.11993810	0.18181945	0.40929178	0.00351110
1.13048650	950.56545000	19.88879200	1.40830800	0.84246151	0.90971791	0.02671261	0.02534752	0.02561824	-0.41204803	-0.01299350	0.00056710	0.08470877	5.13233870	0.18035784	0.40637609	0.00348243
1.13639360	955.53247000	19.90601800	1.40235040	0.83958783	0.90598547	0.02657284	0.02521642	0.02549396	-0.40708612	-0.01299683	0.00055977	0.08384769	5.14456760	0.17888057	0.40344157	0.00345363
1.14229670	960.49603000	19.92308900	1.39638820	0.83671262	0.90224690	0.02643419	0.02508616	0.02537009	-0.40212028	-0.01300275	0.00055259	0.08299656	5.15662340	0.17738845	0.40048953	0.00342480
1.14819540	965.45590000	19.94000400	1.39042000	0.83383567	0.89850427	0.02629644	0.02495669	0.02524692	-0.39715054	-0.01300648	0.00054557	0.08215577	5.16850600	0.17588191	0.39752022	0.00339615
1.15408930	970.41181000	19.95676500	1.38444400	0.83095707	0.89476043	0.02615920	0.02482805	0.02512539	-0.39217718	-0.01300548	0.00053871	0.08132623	5.18021670	0.17436086	0.39453307	0.00336782
1.15997830	975.36351000	19.97337100	1.37845880	0.82807716	0.89101684	0.02602190	0.02470033	0.02500559	-0.38720062	-0.01299927	0.00053224	0.08050708	5.19175790	0.17282426	0.39152731	0.00333972
1.16586190	980.31075000	19.98982400	1.37246440	0.82519651	0.88727206	0.02588499	0.02457358	0.02488631	-0.38222157	-0.01298950	0.00052636	0.07969672	5.20313020	0.17127110	0.38850224	0.00331149
1.17173990	985.25327000	20.00612100	1.36646160	0.82231594	0.88352417	0.02574943	0.02444780	0.02476706	-0.37724050	-0.01297888	0.00052103	0.07889519	5.21433030	0.16970150	0.38545672	0.00328279
1.17761200	990.19082000	20.02225800	1.36045080	0.81943614	0.87977377	0.02561552	0.02432300	0.02464860	-0.37225760	-0.01297077	0.00051593	0.07810290	5.22535330	0.16811589	0.38238891	0.00325364
1.18347790	995.12313000	20.03823300	1.35443140	0.81655712	0.87602367	0.02548284	0.02419916	0.02453138	-0.36727302	-0.01296928	0.00051062	0.07731967	5.23619470	0.16651430	0.37929674	0.00322410
1.18933730	1000.05000000	20.05404400	1.34840270	0.81367821	0.87227667	0.02535112	0.02407631	0.02441578	-0.36228691	-0.01297678	0.00050498	0.07654666	5.24685080	0.16489685	0.37617876	0.00319437
1.19518980	1004.97100000	20.06969100	1.34236340	0.81079829	0.86853577	0.02522028	0.02395447	0.02430190	-0.35729925	-0.01299475	0.00049917	0.07578464	5.25732050	0.16326426	0.37303434	0.00316477
1.20103530	1009.88620000	20.08517400	1.33631260	0.80791617	0.86480467	0.02508993	0.02383366	0.02418914	-0.35231045	-0.01302573	0.00049338	0.07503287	5.26760580	0.16161731	0.36986351	0.00313528
1.20687330	1014.79500000	20.10049200	1.33024970	0.80503103	0.86108710	0.02495990	0.02371387	0.02407680	-0.34732112	-0.01307252	0.00048763	0.07429022	5.27770670	0.15995680	0.36666649	0.00310547
1.21270360	1019.69740000	20.11564200	1.32417440	0.80214263	0.85738638	0.02483027	0.02359512	0.02396530	-0.34233164	-0.01313704	0.00048176	0.07355693	5.28761970	0.15828361	0.36344312	0.00307506
1.21852590	1024.59310000	20.13062100	1.31808490	0.79925112	0.85370399	0.02470134	0.02347743	0.02385527	-0.33734194	-0.01322071	0.00047560	0.07283421	5.29733990	0.15659815	0.36019293	0.00304410
1.22433990	1029.48180000	20.14542600	1.31197870	0.79635680	0.85003935	0.02457325	0.02336083	0.02374672	-0.33235195	-0.01332398	0.00046908	0.07212205	5.30686340	0.15490104	0.35691546	0.00301281
1.23014540	1034.36330000	20.16005600	1.30585330	0.79346006	0.84639269	0.02444581	0.02324530	0.02363936	-0.32736181	-0.01344473	0.00046215	0.07142006	5.31618790	0.15319326	0.35361070	0.00298124
1.23594210	1039.23740000	20.17450900	1.29970660	0.79056158	0.84276582	0.02431968	0.02313083	0.02353336	-0.32237187	-0.01357806	0.00045476	0.07072988	5.32531090	0.15147575	0.35027944	0.00294937
1.24172960	1044.10380000	20.18878400	1.29353700	0.78766233	0.83916210	0.02419512	0.02301743	0.02342874	-0.31738239	-0.01371670	0.00044663	0.07005131	5.33422960	0.14974927	0.34692307	0.00291711
1.24750780	1048.96240000	20.20287800	1.28734460	0.78476338	0.83558598	0.02407160	0.02290512	0.02332489	-0.31239356	-0.01385283	0.00043762	0.06938173	5.34294080	0.14801410	0.34354313	0.00288439
1.25327640	1053.81290000	20.21678800	1.28112970	0.78186579	0.83204085	0.02394892	0.02279399	0.02322209	-0.30740534	-0.01398163	0.00042782	0.06872122	5.35144090	0.14626995	0.34014122	0.00285126
1.25903500	1058.65500000	20.23051400	1.27489290	0.77897059	0.82852843	0.02382693	0.02268407	0.02312070	-0.30241773	-0.01410137	0.00041737	0.06807030	5.35972720	0.14451651	0.33671892	0.00281774
1.26478360	1063.48870000	20.24405200	1.26863570	0.77607876	0.82504874	0.02370573	0.02257537	0.02302082	-0.29743090	-0.01421077	0.00040632	0.06742921	5.36779660	0.14275357	0.33327772	0.00278366
1.27052180	1068.31370000	20.25739900	1.26235970	0.77319124	0.82160097	0.02358599	0.02246789	0.02292295	-0.29244502	-0.01430755	0.00039475	0.06679974	5.37564470	0.14098138	0.32981889	0.00274882
1.27624940	1073.12970000	20.27055200	1.25606680	0.77030880	0.81818517	0.02346807	0.02236168	0.02282726	-0.28746013	-0.01438942	0.00038260	0.06618286	5.38326610	0.13920059	0.32634344	0.00271326
1.28196620	1077.93660000	20.28350800	1.24975760	0.76743200	0.81480198	0.02335192	0.02225674	0.02273349	-0.28247644	-0.01445243	0.00036968	0.06557808	5.39065580	0.13741191	0.32285214	0.00267697
1.28767190	1082.73430000	20.29626200	1.24343260	0.76456128	0.81145212	0.02323733	0.02215308	0.02264162	-0.27749432	-0.01449247	0.00035577	0.06498463	5.39780890	0.13561594	0.31934530	0.00263976
1.29336640	1087.52240000	20.30881000	1.23709340	0.76169689	0.80813630	0.02312443	0.02205068	0.02255149	-0.27251405	-0.01450916	0.00034088	0.06440216	5.40471930	0.13381307	0.31582271	0.00260144
1.29904940	1092.30090000	20.32114700	1.23074330	0.75883884	0.80485633	0.02301359	0.02194957	0.02246279	-0.26753565	-0.01450576	0.00032510	0.06383079	5.41137960	0.13200392	0.31228396	0.00256200
1.30472070	1097.06960000	20.33326900	1.22438560	0.75598695	0.80161506	0.02290464	0.02184977	0.02237514	-0.26255906	-0.01448718	0.00030857	0.06326982	5.41778240	0.13018854	0.30872877	0.00252149
1.31038000	1101.82830000	20.34516900	1.21802310	0.75314092	0.79841479	0.02279699	0.02175134	0.02228858	-0.25758425	-0.01445869	0.00029144	0.06271859	5.42392070	0.12836648	0.30515711	0.00247995
1.31602740	1106.57680000	20.35684500	1.21165840	0.75030057	0.79525692	0.02269042	0.02165429	0.02220311	-0.25261129	-0.01442516	0.00027395	0.06217699	5.42978820	0.12653720	0.30156921	0.00243727
1.32166240	1111.31500000	20.36828900	1.20529390	0.74746591	0.79214251	0.02258437	0.02155866	0.02211859	-0.24764018	-0.01439014	0.00025627	0.06164410	5.43537810	0.12470003	0.29796557	0.00239335
1.32728500	1116.04270000	20.37949800	1.19893150	0.74463728	0.78907089	0.02247864	0.02146449	0.02203554	-0.24267062	-0.01435597	0.00023857	0.06112039	5.44068420	0.12285395	0.29434698	0.00234836
1.33289490	1120.75980000	20.39046800	1.19257230	0.74181534	0.78603874	0.02237397	0.02137182	0.02195426	-0.23770231	-0.01432384	0.00022100	0.06060726	5.44570190	0.12099830	0.29071434	0.00230248
1.33849200	1125.46610000	20.40119500	1.18621680	0.73900088	0.78304237	0.02227091	0.02128072	0.02187460	-0.23273518	-0.01429355	0.00020363	0.06010519	5.45042800	0.11913329	0.28706855	0.00225571
1.34407610	1130.16150000	20.41167400	1.17986590	0.73619472	0.78007951	0.02216968	0.02119128	0.02179681	-0.22776921	-0.01426392	0.00018650	0.05961495	5.45485930	0.11725959	0.28341043	0.00220803
1.34964710	1134.84590000	20.42190400	1.17352070	0.73339762	0.77714976	0.02207069	0.02110359	0.02172129	-0.22280435	-0.01423423	0.00016966	0.05913762	5.45899310	0.11537817	0.27974055	0.00215954
1.35520480	1139.51900000	20.43188100	1.16718300	0.73061015	0.77425490	0.02197422	0.02101769	0.02164797	-0.21784071	-0.01420416	0.00015318	0.05867346	5.46282710	0.11349030	0.27605907	0.00211009
1.36074900	1144.18080000	20.44160100	1.16085520	0.72783270	0.77139838	0.02187956	0.02093368	0.02157667	-0.21287841	-0.01417440	0.00013712	0.05822153	5.46635730	0.11159724	0.27236602	0.00205952
1.36627960	1148.83120000	20.45105800	1.15454020	0.72506564	0.76858376	0.02178622	0.02085163	0.02150771	-0.20791740	-0.01414702	0.00012150	0.05778186	5.46957950	0.10970009	0.26866147	0.00200781
1.37179640	1153.47000000	20.46025000	1.14824090	0.72230947	0.76581379	0.02169445	0.02077160	0.02144140	-0.20295755	-0.01412403	0.00010632	0.05735529	5.47248950	0.10779966	0.26494557	0.00195501
1.37729930	1158.09710000	20.46917200	1.14196100	0.71956479	0.76309110	0.02160415	0.02069357	0.02137755	-0.19799873	-0.01410597	0.00009163	0.05694107	5.47508340	0.10589631	0.26121847	0.00190115
1.38278820	1162.71250000	20.47782000	1.13570420	0.71683223	0.76041798	0.02151526	0.02061760	0.02131592	-0.19304082	-0.01409245	0.00007751	0.05653867	5.47735760	0.10398997	0.25748037	0.00184629
1.38826290	1167.31590000	20.48619100	1.12947430	0.71411246	0.75779581	0.02142810	0.02054374	0.02125658	-0.18808378	-0.01408236	0.00006404	0.05614860	5.47930860	0.10208058	0.25373158	0.00179039
1.39372340	1171.90720000	20.49428100	1.12327460	0.71140619	0.75522533	0.02134334	0.02047207	0.02119976	-0.18312763	-0.01407346	0.00005136	0.05577210	5.48093260	0.10016839	0.24997258	0.00173335
1.39916930	1176.48650000	20.50208600	1.11710800	0.70871395	0.75270686	0.02126121	0.02040265	0.02114551	-0.17817228	-0.01406315	0.00003953	0.05540971	5.48222580	0.09825388	0.24620413	0.00167516
1.40460080	1181.05340000	20.50960100	1.11097770	0.70603619	0.75024056	0.02118198	0.02033550	0.02109338	-0.17321765	-0.01405023	0.00002854	0.05506132	5.48318470	0.09633773	0.24242715	0.00161582
1.41001750	1185.60810000	20.51682300	1.10488660	0.70337332	0.74782673	0.02110590	0.02027069	0.02104305	-0.16826374	-0.01403535	0.00001838	0.05472705	5.48380580	0.09442063	0.23864258	0.00155521
1.41541950	1190.15030000	20.52374700	1.09883820	0.70072583	0.74546631	0.02103299	0.02020826	0.02099450	-0.16331063	-0.01401964	0.00000914	0.05440708	5.48408510	0.09250308	0.23485128	0.00149320
1.42080650	1194.68000000	20.53036800	1.09283670	0.69809434	0.74316042	0.02096338	0.02014829	0.02094780	-0.15835836	-0.01400348	0.00000093	0.05410177	5.48401840	0.09058545	0.23105390	0.00142969
1.42617850	1199.19700000	20.53668000	1.08688670	0.69547965	0.74091037	0.02089674	0.02009087	0.02090311	-0.15340681	-0.01398665	-0.00000618	0.05381091	5.48360080	0.08866827	0.22725085	0.00136464
1.43153540	1203.70140000	20.54267700	1.08099340	0.69288269	0.73871801	0.02083269	0.02003611	0.02086027	-0.14845581	-0.01396913	-0.00001216	0.05353377	5.48282770	0.08675208	0.22344237	0.00129811
1.43687710	1208.19290000	20.54835600	1.07516120	0.69030463	0.73658526	0.02077164	0.01998410	0.02081956	-0.14350515	-0.01395165	-0.00001709	0.05327137	5.48169470	0.08483749	0.21962874	0.00123011
1.44220350	1212.67150000	20.55371000	1.06939380	0.68774675	0.73451447	0.02071391	0.01993495	0.02078165	-0.13855465	-0.01393545	-0.00002128	0.05302504	5.48019780	0.08292514	0.21581035	0.00116064
1.44751440	1217.13720000	20.55873500	1.06369530	0.68521029	0.73250840	0.02065944	0.01988876	0.02074698	-0.13360403	-0.01392118	-0.00002509	0.05279526	5.47833330	0.08101560	0.21198759	0.00108972
1.45280970	1221.58980000	20.56342700	1.05807010	0.68269640	0.73056967	0.02060815	0.01984563	0.02071564	-0.12865297	-0.01390780	-0.00002880	0.05258230	5.47609810	0.07910936	0.20816079	0.00101746
1.45808940	1226.02920000	20.56778100	1.05252290	0.68020619	0.72870034	0.02056032	0.01980563	0.02068739	-0.12370119	-0.01389325	-0.00003253	0.05238634	5.47348960	0.07720701	0.20433027	0.00094395
1.46335340	1230.45540000	20.57179400	1.04705740	0.67774070	0.72690233	0.02051629	0.01976885	0.02066231	-0.11874856	-0.01387537	-0.00003633	0.05220805	5.47050520	0.07530915	0.20049639	0.00086920
1.46860160	1234.86830000	20.57546300	1.04167670	0.67530096	0.72517731	0.02047621	0.01973539	0.02064078	-0.11379492	-0.01385238	-0.00004016	0.05204818	5.46714240	0.07341622	0.19665964	0.00079322
1.47383380	1239.26780000	20.57878400	1.03638390	0.67288782	0.72352662	0.02044017	0.01970530	0.02062297	-0.10884017	-0.01382265	-0.00004388	0.05190708	5.46339890	0.07152855	0.19282066	0.00071601
1.47905010	1243.65390000	20.58175200	1.03118260	0.67050199	0.72195109	0.02040803	0.01967868	0.02060873	-0.10388428	-0.01378414	-0.00004733	0.05178460	5.45927310	0.06964643	0.18898022	0.00063745
1.48425020	1248.02640000	20.58436500	1.02607780	0.66814410	0.72045166	0.02037956	0.01965563	0.02059787	-0.09892724	-0.01373493	-0.00005042	0.05168026	5.45476310	0.06777019	0.18513904	0.00055745
1.48943420	1252.38530000	20.58661800	1.02107570	0.66581473	0.71902977	0.02035478	0.01963624	0.02059025	-0.09396892	-0.01367400	-0.00005314	0.05159406	5.44986700	0.06590021	0.18129777	0.00047603
1.49460190	1256.73060000	20.58850700	1.01618260	0.66351446	0.71768704	0.02033394	0.01962060	0.02058574	-0.08900917	-0.01360091	-0.00005549	0.05152644	5.44458300	0.06403675	0.17745710	0.00039321
1.49975320	1261.06200000	20.59002900	1.01140460	0.66124395	0.71642513	0.02031747	0.01960876	0.02058422	-0.08404787	-0.01351576	-0.00005740	0.05147831	5.43890940	0.06218019	0.17361791	0.00030900
1.50488810	1265.37970000	20.59117900	1.00674670	0.65900401	0.71524591	0.02030543	0.01960083	0.02058565	-0.07908498	-0.01341957	-0.00005886	0.05145014	5.43284440	0.06033085	0.16978122	0.00022331
1.51000650	1269.68350000	20.59195300	1.00221340	0.65679570	0.71415124	0.02029745	0.01959693	0.02059010	-0.07412052	-0.01331408	-0.00005988	0.05144172	5.42638630	0.05848885	0.16594815	0.00013598
1.51510820	1273.97330000	20.59234500	0.99780897	0.65462038	0.71314183	0.02029340	0.01959718	0.02059758	-0.06915448	-0.01320123	-0.00006054	0.05145298	5.41953250	0.05665408	0.16211979	0.00004686
1.52019330	1278.24900000	20.59235200	0.99353740	0.65247969	0.71221683	0.02029378	0.01960168	0.02060819	-0.06418674	-0.01308278	-0.00006096	0.05148472	5.41228030	0.05482654	0.15829698	-0.00004416
1.52526160	1282.51070000	20.59196700	0.98940281	0.65037539	0.71137439	0.02029941	0.01961054	0.02062265	-0.05921707	-0.01295962	-0.00006124	0.05153908	5.40462730	0.05300642	0.15448028	-0.00013705
1.53031300	1286.75810000	20.59118400	0.98540972	0.64830916	0.71061266	0.02031071	0.01962386	0.02064150	-0.05424519	-0.01283177	-0.00006136	0.05161765	5.39657190	0.05119402	0.15066998	-0.00023174
1.53534750	1290.99140000	20.59000000	0.98156380	0.64628252	0.70993025	0.02032775	0.01964176	0.02066467	-0.04927083	-0.01269889	-0.00006116	0.05172089	5.38811240	0.04938970	0.14686631	-0.00032815
1.54036500	1295.21030000	20.58840900	0.97787083	0.64429689	0.70932653	0.02035041	0.01966433	0.02069199	-0.04429373	-0.01256067	-0.00006046	0.05184878	5.37924730	0.04759396	0.14306944	-0.00042620
1.54536540	1299.41480000	20.58640800	0.97433607	0.64235364	0.70880168	0.02037841	0.01969170	0.02072369	-0.03931374	-0.01241713	-0.00005919	0.05200158	5.36997520	0.04580739	0.13927955	-0.00052592
1.55034850	1303.60490000	20.58399300	0.97096450	0.64045415	0.70835640	0.02041172	0.01972399	0.02075992	-0.03433075	-0.01226901	-0.00005739	0.05217986	5.36029420	0.04403067	0.13549681	-0.00062740
1.55531450	1307.78050000	20.58115800	0.96776111	0.63859977	0.70799213	0.02045069	0.01976137	0.02080095	-0.02934465	-0.01211737	-0.00005519	0.05238492	5.35020260	0.04226469	0.13172155	-0.00073073
1.56026310	1311.94150000	20.57789900	0.96473132	0.63679180	0.70771125	0.02049555	0.01980400	0.02084688	-0.02435534	-0.01196252	-0.00005288	0.05261752	5.33969820	0.04051027	0.12795422	-0.00083598
1.56519420	1316.08790000	20.57421200	0.96188036	0.63503143	0.70751637	0.02054638	0.01985202	0.02089751	-0.01936271	-0.01180364	-0.00005072	0.05287798	5.32877870	0.03876786	0.12419540	-0.00094322
1.57010790	1320.21950000	20.57009000	0.95921268	0.63331973	0.70740940	0.02060340	0.01990555	0.02095280	-0.01436661	-0.01163991	-0.00004883	0.05316720	5.31744160	0.03703767	0.12044566	-0.00105246
1.57500400	1324.33640000	20.56552900	0.95673208	0.63165777	0.70739128	0.02066700	0.01996471	0.02101270	-0.00936694	-0.01147169	-0.00004719	0.05348642	5.30568480	0.03532006	0.11670566	-0.00116375
1.57988240	1328.43840000	20.56052300	0.95444185	0.63004662	0.70746272	0.02073738	0.02002962	0.02107734	-0.00436358	-0.01130054	-0.00004565	0.05383665	5.29350620	0.03361551	0.11297610	-0.00127717
1.58474300	1332.52540000	20.55506800	0.95234535	0.62848736	0.70762433	0.02081457	0.02010040	0.02114697	0.00064356	-0.01112878	-0.00004408	0.05421893	5.28090390	0.03192431	0.10925776	-0.00139280
1.58958590	1336.59750000	20.54915700	0.95044606	0.62698115	0.70787608	0.02089869	0.02017714	0.02122164	0.00565462	-0.01095852	-0.00004246	0.05463429	5.26787570	0.03024661	0.10555152	-0.00151068
1.59441080	1340.65450000	20.54278600	0.94874754	0.62552922	0.70821745	0.02098985	0.02025998	0.02130136	0.01066982	-0.01079066	-0.00004088	0.05508363	5.25441950	0.02858273	0.10185836	-0.00163077
1.59921770	1344.69640000	20.53594800	0.94725302	0.62413295	0.70864809	0.02108814	0.02034905	0.02138630	0.01568936	-0.01062518	-0.00003945	0.05556802	5.24053370	0.02693324	0.09817937	-0.00175299
1.60400650	1348.72300000	20.52864000	0.94596537	0.62279385	0.70916827	0.02119359	0.02044448	0.02147670	0.02071343	-0.01046177	-0.00003824	0.05608864	5.22621680	0.02529883	0.09451578	-0.00187728
1.60877710	1352.73440000	20.52085700	0.94488689	0.62151356	0.70977880	0.02130644	0.02054643	0.02157292	0.02574220	-0.01030023	-0.00003716	0.05664721	5.21146810	0.02368022	0.09086901	-0.00200359
1.61352950	1356.73040000	20.51259500	0.94401916	0.62029381	0.71048060	0.02142686	0.02065504	0.02167518	0.03077582	-0.01014077	-0.00003612	0.05724510	5.19628690	0.02207802	0.08724052	-0.00213191
1.61826350	1360.71100000	20.50385100	0.94336346	0.61913642	0.71127407	0.02155487	0.02077043	0.02178345	0.03581442	-0.00998410	-0.00003513	0.05788310	5.18067270	0.02049280	0.08363169	-0.00226220
1.62297910	1364.67610000	20.49461900	0.94292056	0.61804325	0.71215929	0.02169058	0.02089272	0.02189774	0.04085804	-0.00983072	-0.00003429	0.05856219	5.16462530	0.01892523	0.08004368	-0.00239449
1.62767620	1368.62560000	20.48489800	0.94269118	0.61701621	0.71313670	0.02183423	0.02102199	0.02201825	0.04590673	-0.00968048	-0.00003374	0.05928366	5.14814460	0.01737601	0.07647745	-0.00252882
1.63235460	1372.55950000	20.47468200	0.94267515	0.61605715	0.71420704	0.02198585	0.02115832	0.02214518	0.05096052	-0.00953315	-0.00003357	0.06004841	5.13123030	0.01584538	0.07293372	-0.00266526
1.63701440	1376.47760000	20.46396900	0.94287255	0.61516776	0.71537037	0.02214569	0.02130181	0.02227885	0.05601947	-0.00938920	-0.00003371	0.06085811	5.11388220	0.01433320	0.06941313	-0.00280390
1.64165530	1380.37990000	20.45275300	0.94328294	0.61434946	0.71662583	0.02231423	0.02145258	0.02241957	0.06108370	-0.00925001	-0.00003414	0.06171522	5.09609980	0.01283940	0.06591627	-0.00294477
1.64627740	1384.26640000	20.44103100	0.94390576	0.61360344	0.71797246	0.02249166	0.02161077	0.02256731	0.06615341	-0.00911743	-0.00003486	0.06262147	5.07788260	0.01136420	0.06244381	-0.00308783
1.65088050	1388.13680000	20.42880000	0.94474029	0.61293063	0.71940981	0.02267800	0.02177655	0.02272188	0.07122867	-0.00899331	-0.00003592	0.06357801	5.05923060	0.00990809	0.05899662	-0.00323313
1.65546440	1391.99120000	20.41605400	0.94578533	0.61233186	0.72093837	0.02287319	0.02195010	0.02288340	0.07630946	-0.00887873	-0.00003727	0.06458646	5.04014350	0.00847184	0.05557564	-0.00338079
1.66002920	1395.82950000	20.40279100	0.94703998	0.61180789	0.72255943	0.02307711	0.02213158	0.02305220	0.08139585	-0.00877357	-0.00003884	0.06564881	5.02062130	0.00705625	0.05218188	-0.00353087
1.66457470	1399.65160000	20.38900500	0.94850290	0.61135942	0.72427467	0.02328986	0.02232113	0.02322846	0.08648802	-0.00867655	-0.00004051	0.06676704	5.00066380	0.00566198	0.04881626	-0.00368327
1.66910080	1403.45730000	20.37469400	0.95017270	0.61098715	0.72608578	0.02351162	0.02251890	0.02341233	0.09158619	-0.00858608	-0.00004214	0.06794342	4.98027130	0.00428960	0.04547967	-0.00383784
1.67360740	1407.24670000	20.35985600	0.95204746	0.61069180	0.72799449	0.02374262	0.02272502	0.02360391	0.09669044	-0.00850103	-0.00004364	0.06918024	4.95944470	0.00293958	0.04217293	-0.00399451
1.67809440	1411.01960000	20.34448600	0.95412515	0.61047415	0.73000216	0.02398269	0.02293963	0.02380336	0.10180071	-0.00842046	-0.00004492	0.07047918	4.93818470	0.00161210	0.03889670	-0.00415337
1.68256170	1414.77590000	20.32858300	0.95640384	0.61033504	0.73210915	0.02423183	0.02316288	0.02401098	0.10691689	-0.00834306	-0.00004583	0.07184253	4.91649190	0.00030719	0.03565155	-0.00431455
1.68700910	1418.51550000	20.31214300	0.95888138	0.61027539	0.73431487	0.02449010	0.02339491	0.02422702	0.11203887	-0.00826703	-0.00004619	0.07327282	4.89436660	-0.00097514	0.03243792	-0.00447820
1.69143670	1422.23840000	20.29516300	0.96155521	0.61029619	0.73661781	0.02475757	0.02363586	0.02445169	0.11716663	-0.00819041	-0.00004590	0.07477262	4.87180860	-0.00223493	0.02925626	-0.00464441
1.69584420	1425.94440000	20.27763900	0.96442254	0.61039857	0.73901563	0.02503457	0.02388586	0.02468564	0.12230018	-0.00811144	-0.00004500	0.07634564	4.84881800	-0.00347221	0.02610700	-0.00481323
1.70023150	1429.63350000	20.25956700	0.96748102	0.61058368	0.74150580	0.02532178	0.02414503	0.02492951	0.12743957	-0.00802893	-0.00004365	0.07799599	4.82539490	-0.00468674	0.02299034	-0.00498469
1.70459860	1433.30550000	20.24094500	0.97072910	0.61085253	0.74408670	0.02561980	0.02441353	0.02518328	0.13258487	-0.00794240	-0.00004204	0.07972663	4.80153950	-0.00587801	0.01990622	-0.00515882
1.70894530	1436.96040000	20.22176800	0.97416612	0.61120587	0.74675807	0.02592882	0.02469151	0.02544676	0.13773602	-0.00785131	-0.00004029	0.08153985	4.77725200	-0.00704571	0.01685432	-0.00533572
1.71327140	1440.59810000	20.20203200	0.97779168	0.61164412	0.74952038	0.02624876	0.02497914	0.02571999	0.14289293	-0.00775473	-0.00003838	0.08343829	4.75253230	-0.00818982	0.01383439	-0.00551560
1.71757690	1444.21830000	20.18173400	0.98160528	0.61216746	0.75237411	0.02657939	0.02527661	0.02600267	0.14805554	-0.00765206	-0.00003624	0.08542379	4.72737960	-0.00931050	0.01084641	-0.00569862
1.72186170	1447.82110000	20.16086900	0.98560530	0.61277592	0.75531936	0.02692063	0.02558414	0.02629489	0.15322386	-0.00754323	-0.00003376	0.08749914	4.70179250	-0.01040806	0.00789073	-0.00588485
1.72612550	1451.40640000	20.13943200	0.98978936	0.61346933	0.75835564	0.02727278	0.02590195	0.02659706	0.15839794	-0.00742887	-0.00003087	0.08966900	4.67577030	-0.01148273	0.00496809	-0.00607435
1.73036830	1454.97390000	20.11741900	0.99415495	0.61424747	0.76148244	0.02763592	0.02623027	0.02690919	0.16357787	-0.00731015	-0.00002755	0.09193763	4.64931230	-0.01253450	0.00207959	-0.00626706
1.73458990	1458.52370000	20.09482600	0.99869923	0.61511022	0.76469964	0.02800978	0.02656933	0.02723143	0.16876380	-0.00718834	-0.00002382	0.09430879	4.62241760	-0.01356319	-0.00077344	-0.00646292
1.73879030	1462.05550000	20.07165000	1.00341770	0.61605778	0.76800710	0.02839454	0.02691931	0.02756418	0.17395577	-0.00706420	-0.00001968	0.09678723	4.59508500	-0.01456858	-0.00358963	-0.00666191
1.74296920	1465.56930000	20.04788700	1.00830560	0.61709073	0.77140464	0.02879069	0.02728040	0.02790795	0.17915376	-0.00693816	-0.00001511	0.09937821	4.56731370	-0.01555033	-0.00636777	-0.00686409
1.74712650	1469.06500000	20.02353500	1.01335750	0.61820985	0.77489185	0.02919895	0.02765279	0.02826349	0.18435756	-0.00681079	-0.00001014	0.10208789	4.53910260	-0.01650808	-0.00910684	-0.00706966
1.75126210	1472.54230000	19.99858800	1.01856870	0.61941595	0.77846828	0.02961992	0.02803669	0.02863141	0.18956691	-0.00668320	-0.00000492	0.10492236	4.51045030	-0.01744142	-0.01180605	-0.00727891
1.75537570	1476.00130000	19.97304400	1.02393400	0.62070968	0.78213389	0.03005371	0.02843236	0.02901195	0.19478170	-0.00655753	0.00000032	0.10788647	4.48135440	-0.01835023	-0.01446480	-0.00749204
1.75946740	1479.44180000	19.94689600	1.02944920	0.62209144	0.78588840	0.03050043	0.02884008	0.02940567	0.20000193	-0.00643651	0.00000538	0.11098586	4.45181210	-0.01923489	-0.01708258	-0.00770916
1.76353690	1482.86360000	19.92014000	1.03511070	0.62356131	0.78973050	0.03096069	0.02926017	0.02981310	0.20522760	-0.00632185	0.00001023	0.11422773	4.42182010	-0.02009595	-0.01965887	-0.00793043
1.76758400	1486.26660000	19.89277000	1.04091620	0.62511896	0.79365803	0.03143510	0.02969295	0.03023424	0.21045866	-0.00621334	0.00001494	0.11761855	4.39137450	-0.02093345	-0.02219296	-0.00815605
1.77160860	1489.65060000	19.86478100	1.04686500	0.62676355	0.79766923	0.03192377	0.03013874	0.03066930	0.21569502	-0.00610972	0.00001952	0.12116472	4.36047050	-0.02174674	-0.02468394	-0.00838628
1.77561050	1493.01560000	19.83616800	1.05295680	0.62849388	0.80176328	0.03242667	0.03059787	0.03111859	0.22093663	-0.00600987	0.00002393	0.12487285	4.32910300	-0.02253494	-0.02713079	-0.00862132
1.77958960	1496.36140000	19.80692300	1.05919150	0.63030841	0.80594014	0.03294429	0.03107066	0.03158226	0.22618354	-0.00591312	0.00002812	0.12875072	4.29726660	-0.02329725	-0.02953258	-0.00886122
1.78354560	1499.68790000	19.77704200	1.06556840	0.63220532	0.81020084	0.03347707	0.03155748	0.03206071	0.23143584	-0.00581897	0.00003210	0.13280680	4.26495590	-0.02403277	-0.03188860	-0.00910600
1.78747850	1502.99480000	19.74651700	1.07208630	0.63418253	0.81454731	0.03402504	0.03205866	0.03255410	0.23669352	-0.00572749	0.00003597	0.13704859	4.23216570	-0.02474069	-0.03419834	-0.00935576
1.79138800	1506.28210000	19.71534500	1.07874390	0.63623784	0.81898178	0.03458820	0.03257455	0.03306220	0.24195656	-0.00563958	0.00003985	0.14148296	4.19889010	-0.02542065	-0.03646126	-0.00961061
1.79527390	1509.54950000	19.68352000	1.08553960	0.63836906	0.82350576	0.03516689	0.03310549	0.03358507	0.24722499	-0.00555599	0.00004385	0.14611836	4.16512310	-0.02607265	-0.03867679	-0.00987064
1.79913610	1512.79700000	19.65103700	1.09247210	0.64057408	0.82811962	0.03576146	0.03365187	0.03412354	0.25249886	-0.00547636	0.00004805	0.15096550	4.13085810	-0.02669695	-0.04084411	-0.01013590
1.80297430	1516.02440000	19.61789000	1.09954090	0.64285087	0.83282263	0.03637235	0.03421416	0.03467857	0.25777815	-0.00539867	0.00005244	0.15603588	4.09608900	-0.02729388	-0.04296213	-0.01040651
1.80678840	1519.23140000	19.58407500	1.10674660	0.64519733	0.83761304	0.03700035	0.03479287	0.03525026	0.26306275	-0.00531997	0.00005696	0.16134043	4.06080870	-0.02786340	-0.04502917	-0.01068264
1.81057810	1522.41800000	19.54958600	1.11408990	0.64761128	0.84248892	0.03764606	0.03538854	0.03583871	0.26835243	-0.00523775	0.00006144	0.16689072	4.02500890	-0.02840516	-0.04704292	-0.01096463
1.81434330	1525.58390000	19.51441900	1.12157110	0.65009045	0.84744812	0.03830987	0.03600167	0.03644503	0.27364689	-0.00515083	0.00006572	0.17270089	3.98868010	-0.02891887	-0.04900042	-0.01125286
1.81808370	1528.72910000	19.47856600	1.12918970	0.65263250	0.85248795	0.03899266	0.03663282	0.03707032	0.27894585	-0.00505883	0.00006970	0.17878641	3.95181170	-0.02940413	-0.05089852	-0.01154770
1.82179910	1531.85320000	19.44202100	1.13694610	0.65523484	0.85760553	0.03969551	0.03728253	0.03771537	0.28424906	-0.00496175	0.00007346	0.18516323	3.91439270	-0.02985979	-0.05273403	-0.01184950
1.82548940	1534.95610000	19.40477600	1.14484130	0.65789451	0.86279928	0.04041857	0.03795141	0.03838077	0.28955626	-0.00486039	0.00007705	0.19184531	3.87641140	-0.03028397	-0.05450368	-0.01215862
1.82915420	1538.03760000	19.36682300	1.15287820	0.66060816	0.86806815	0.04116194	0.03864008	0.03906714	0.29486721	-0.00475696	0.00008052	0.19884701	3.83785510	-0.03067475	-0.05620405	-0.01247548
1.83279330	1541.09760000	19.32815400	1.16106110	0.66337194	0.87341108	0.04192642	0.03934923	0.03977529	0.30018162	-0.00465491	0.00008379	0.20618598	3.79870980	-0.03102988	-0.05783171	-0.01280060
1.83640650	1544.13580000	19.28875900	1.16939700	0.66618148	0.87882683	0.04271287	0.04007961	0.04050652	0.30549926	-0.00455769	0.00008671	0.21388299	3.75896000	-0.03134680	-0.05938319	-0.01313445
1.83999360	1547.15200000	19.24862800	1.17789420	0.66903170	0.88431314	0.04352190	0.04083202	0.04126145	0.31082023	-0.00446754	0.00008926	0.22195778	3.71858890	-0.03162302	-0.06085468	-0.01347727
1.84355440	1550.14600000	19.20775300	1.18656320	0.67191693	0.88986606	0.04435439	0.04160731	0.04203979	0.31614468	-0.00438446	0.00009155	0.23042975	3.67757770	-0.03185618	-0.06224171	-0.01382918
1.84708840	1553.11760000	19.16612500	1.19541490	0.67483109	0.89547984	0.04521148	0.04240643	0.04284202	0.32147252	-0.00430638	0.00009375	0.23932195	3.63590500	-0.03204379	-0.06353903	-0.01419051
1.85059560	1556.06660000	19.12373300	1.20445940	0.67776760	0.90114821	0.04609442	0.04323046	0.04366972	0.32680354	-0.00423034	0.00009603	0.24866256	3.59354740	-0.03218293	-0.06474085	-0.01456170
1.85407560	1558.99270000	19.08056900	1.21370740	0.68071931	0.90686559	0.04700411	0.04408056	0.04452415	0.33213745	-0.00415452	0.00009861	0.25847970	3.55047980	-0.03227026	-0.06584087	-0.01494323
1.85752810	1561.89570000	19.03662200	1.22317020	0.68367845	0.91262739	0.04794118	0.04495797	0.04540632	0.33747383	-0.00407989	0.00010159	0.26880212	3.50667550	-0.03230232	-0.06683228	-0.01533575
1.86095290	1564.77550000	18.99188100	1.23286090	0.68663669	0.91842964	0.04890626	0.04586397	0.04631789	0.34281206	-0.00401039	0.00010488	0.27966240	3.46210580	-0.03227561	-0.06770771	-0.01574015
1.86434960	1567.63160000	18.94633200	1.24279400	0.68958517	0.92426823	0.04990026	0.04679996	0.04726103	0.34815145	-0.00395061	0.00010815	0.29109703	3.41673870	-0.03218658	-0.06845943	-0.01615752
1.86771810	1570.46400000	18.89996200	1.25298590	0.69251433	0.93013866	0.05092401	0.04776751	0.04823791	0.35349139	-0.00390330	0.00011093	0.30314437	3.37053970	-0.03203150	-0.06907937	-0.01658891
1.87105790	1573.27230000	18.85275300	1.26345510	0.69541377	0.93603537	0.05197847	0.04876834	0.04925093	0.35883133	-0.00386801	0.00011291	0.31584671	3.32347140	-0.03180661	-0.06955866	-0.01703544
1.87436880	1576.05620000	18.80468800	1.27422300	0.69827192	0.94195062	0.05306556	0.04980434	0.05030215	0.36417069	-0.00384161	0.00011405	0.32925263	3.27549420	-0.03150739	-0.06988721	-0.01749832
1.87765050	1578.81560000	18.75574600	1.28531460	0.70107593	0.94787603	0.05418651	0.05087760	0.05139301	0.36950883	-0.00382060	0.00011449	0.34341101	3.22656520	-0.03112794	-0.07005321	-0.01797894
1.88090250	1581.55010000	18.70590500	1.29675790	0.70381174	0.95380338	0.05534181	0.05199044	0.05252543	0.37484484	-0.00380248	0.00011448	0.35837324	3.17663830	-0.03066175	-0.07004283	-0.01847905
1.88412470	1584.25940000	18.65513800	1.30858380	0.70646419	0.95972403	0.05653237	0.05314538	0.05370225	0.38017775	-0.00378614	0.00011431	0.37419956	3.12566320	-0.03010199	-0.06984024	-0.01900063
1.88731650	1586.94330000	18.60341800	1.32082550	0.70901703	0.96562859	0.05775962	0.05434519	0.05492672	0.38550652	-0.00377150	0.00011412	0.39095820	3.07358470	-0.02944148	-0.06942813	-0.01954582
1.89047780	1589.60140000	18.55071000	1.33351850	0.71145273	0.97150736	0.05902514	0.05559290	0.05620228	0.39082986	-0.00375843	0.00011386	0.40872413	3.02034360	-0.02867268	-0.06878819	-0.02011720
1.89360810	1592.23350000	18.49697800	1.34670140	0.71375234	0.97735085	0.06032973	0.05689185	0.05753312	0.39614623	-0.00374610	0.00011335	0.42757839	2.96587700	-0.02778824	-0.06790164	-0.02071791
1.89670700	1594.83920000	18.44217600	1.36041640	0.71589527	0.98314839	0.06167371	0.05824572	0.05892364	0.40145400	-0.00373305	0.00011246	0.44760728	2.91011760	-0.02678162	-0.06674954	-0.02135145
1.89977420	1597.41820000	18.38625600	1.37470960	0.71785914	0.98888760	0.06305813	0.05965850	0.06037866	0.40675138	-0.00371814	0.00011115	0.46890928	2.85299390	-0.02564661	-0.06531311	-0.02202177
1.90280930	1599.97030000	18.32915800	1.38963000	0.71961946	0.99455470	0.06448417	0.06113451	0.06190362	0.41203622	-0.00370107	0.00010949	0.49159522	2.79442960	-0.02437712	-0.06357374	-0.02273360
1.90581180	1602.49490000	18.27081800	1.40522940	0.72114935	1.00013430	0.06595268	0.06267850	0.06350536	0.41730589	-0.00368063	0.00010776	0.51579207	2.73434490	-0.02296799	-0.06151293	-0.02349259
1.90878130	1604.99180000	18.21115800	1.42156340	0.72241932	1.00560910	0.06746492	0.06429569	0.06519104	0.42255746	-0.00365314	0.00010633	0.54164348	2.67265820	-0.02141523	-0.05911232	-0.02430530
1.91171750	1607.46070000	18.15008900	1.43869360	0.72339714	1.01095960	0.06902187	0.06599171	0.06696752	0.42778767	-0.00361449	0.00010550	0.56930424	2.60928590	-0.01971495	-0.05635364	-0.02517919
1.91461980	1609.90110000	18.08750700	1.45668640	0.72404782	1.01616540	0.07062300	0.06777263	0.06884219	0.43299270	-0.00356339	0.00010533	0.59893937	2.54414230	-0.01786368	-0.05321910	-0.02612301
1.91748780	1612.31270000	18.02329400	1.47561280	0.72433373	1.02120490	0.07226739	0.06964491	0.07082410	0.43816792	-0.00350120	0.00010574	0.63073491	2.47714110	-0.01585999	-0.04969239	-0.02714716
1.92032110	1614.69500000	17.95731200	1.49554810	0.72421466	1.02605390	0.07395491	0.07161535	0.07292359	0.44330778	-0.00343028	0.00010651	0.66490510	2.40819790	-0.01370496	-0.04576029	-0.02826389
1.92311920	1617.04780000	17.88940100	1.51657200	0.72364766	1.03068540	0.07568525	0.07369105	0.07515164	0.44840565	-0.00335451	0.00010734	0.70168631	2.33723080	-0.01140185	-0.04141401	-0.02948765
1.92588150	1619.37040000	17.81937400	1.53876790	0.72258685	1.03507170	0.07745727	0.07587943	0.07752108	0.45345330	-0.00327857	0.00010806	0.74134352	2.26416420	-0.00895652	-0.03665018	-0.03083582
1.92860750	1621.66260000	17.74701500	1.56222410	0.72098329	1.03918360	0.07926928	0.07818822	0.08004683	0.45844092	-0.00320564	0.00010854	0.78417714	2.18893280	-0.00637828	-0.03147185	-0.03232894
1.93129680	1623.92390000	17.67206900	1.58703390	0.71878467	1.04299060	0.08111897	0.08062545	0.08274371	0.46335735	-0.00313599	0.00010869	0.83051326	2.11148440	-0.00368042	-0.02588983	-0.03399074
1.93394880	1626.15380000	17.59424600	1.61329600	0.71593525	1.04646040	0.08300363	0.08319921	0.08562581	0.46818975	-0.00306780	0.00010840	0.88070554	2.03178190	-0.00088055	-0.01992420	-0.03584869
1.93656290	1628.35190000	17.51320600	1.64111160	0.71237603	1.04955910	0.08492045	0.08591748	0.08870878	0.47292254	-0.00299896	0.00010766	0.93515348	1.94980770	0.00199959	-0.01360595	-0.03793535
1.93913850	1630.51760000	17.42855800	1.67058400	0.70804520	1.05225250	0.08686531	0.08878794	0.09200983	0.47753668	-0.00292827	0.00010639	0.99429533	1.86557320	0.00493343	-0.00697876	-0.04028957
1.94167510	1632.65050000	17.33984800	1.70181800	0.70287848	1.05450430	0.08883302	0.09181768	0.09554484	0.48200946	-0.00285457	0.00010461	1.05858750	1.77912450	0.00788879	-0.00010059	-0.04295707
1.94417210	1634.75000000	17.24655100	1.73491690	0.69680943	1.05627610	0.09081800	0.09501280	0.09932809	0.48631407	-0.00277684	0.00010239	1.12850640	1.69054790	0.01082805	0.00695501	-0.04599136
1.94662870	1636.81560000	17.14806200	1.76997620	0.68976976	1.05752710	0.09281396	0.09837809	0.10337504	0.49041820	-0.00269532	0.00009972	1.20457110	1.59997840	0.01370886	0.01409821	-0.04945563
1.94904430	1638.84680000	17.04368100	1.80707990	0.68168982	1.05821400	0.09481315	0.10191670	0.10770269	0.49428248	-0.00261088	0.00009662	1.28734160	1.50761510	0.01648438	0.02122266	-0.05342493
1.95141830	1640.84300000	16.93260100	1.84629760	0.67249930	1.05828990	0.09680633	0.10562966	0.11232586	0.49785920	-0.00252412	0.00009326	1.37738410	1.41373230	0.01910367	0.02820597	-0.05798824
1.95375000	1642.80360000	16.81389200	1.88767980	0.66212824	1.05770460	0.09878250	0.10951533	0.11725564	0.50109073	-0.00243555	0.00008991	1.47524470	1.31869040	0.02151235	0.03491090	-0.06325090
1.95603860	1644.72790000	16.68648000	1.93124980	0.65050827	1.05640100	0.10072868	0.11356875	0.12249965	0.50390735	-0.00234648	0.00008674	1.58143490	1.22294690	0.02365399	0.04118783	-0.06933767
1.95828330	1646.61540000	16.54913100	1.97699360	0.63757413	1.05431370	0.10263044	0.11778115	0.12806260	0.50622431	-0.00225967	0.00008377	1.69642370	1.12706970	0.02547291	0.04687861	-0.07639671
1.96048350	1648.46540000	16.40042400	2.02484690	0.62326543	1.05136430	0.10447223	0.12213925	0.13394453	0.50793864	-0.00217887	0.00008087	1.82059850	1.03174890	0.02691757	0.05182209	-0.08460404
1.96263820	1650.27720000	16.23872500	2.07467980	0.60752849	1.04746140	0.10623679	0.12662457	0.14013934	0.50892485	-0.00210705	0.00007784	1.95421920	0.93780628	0.02794439	0.05586157	-0.09416913
1.96474680	1652.05020000	16.06216000	2.12627700	0.59031859	1.04249960	0.10790431	0.13121258	0.14663413	0.50902957	-0.00204365	0.00007444	2.09736400	0.84620474	0.02852139	0.05885382	-0.10534201
1.96680820	1653.78350000	15.86857700	2.17931530	0.57160266	1.03635710	0.10945206	0.13587178	0.15340882	0.50806546	-0.00198353	0.00007058	2.24987450	0.75805331	0.02863173	0.06067927	-0.11842080
1.96882150	1655.47640000	15.65551000	2.23333740	0.55136241	1.02889640	0.11085478	0.14056260	0.16043632	0.50580450	-0.00191920	0.00006632	2.41130610	0.67460303	0.02827688	0.06125295	-0.13376069
1.97078600	1657.12820000	15.42014400	2.28772120	0.52959785	1.01996270	0.11208450	0.14523611	0.16768176	0.50197145	-0.00184390	0.00006184	2.58085000	0.59723277	0.02747898	0.06053539	-0.15178217
1.97270050	1658.73810000	15.15927500	2.34164580	0.50633085	1.00938470	0.11311012	0.14983236	0.17510067	0.49623831	-0.00175319	0.00005730	2.75722480	0.52741951	0.02628186	0.05854216	-0.17297888
1.97456420	1660.30510000	14.86929000	2.39405350	0.48160872	0.99697286	0.11389744	0.15427833	0.18263389	0.48822227	-0.00164495	0.00005287	2.93851090	0.46668430	0.02475114	0.05535092	-0.19792008
1.97637580	1661.82840000	14.54616100	2.44360690	0.45550742	0.98252535	0.11440934	0.15848521	0.19020171	0.47748920	-0.00151843	0.00004865	3.12194930	0.41651044	0.02297322	0.05110473	-0.22724838
1.97813450	1663.30720000	14.18547600	2.48864260	0.42813427	0.96583236	0.11460468	0.16234517	0.19769550	0.46356645	-0.00137375	0.00004465	3.30365580	0.37823103	0.02105180	0.04600975	-0.26166433
1.97983890	1664.74040000	13.78252600	2.52712190	0.39963010	0.94668452	0.11443729	0.16572741	0.20496917	0.44596973	-0.00121257	0.00004081	3.47830930	0.35289540	0.01910128	0.04032550	-0.30189545
1.98148800	1666.12700000	13.33246700	2.55658580	0.37016989	0.92488330	0.11385626	0.16847408	0.21183757	0.42424854	-0.00103889	0.00003709	3.63898270	0.34114015	0.01723754	0.03434694	-0.34864229
1.98308050	1667.46610000	12.83058800	2.57412190	0.33996207	0.90024945	0.11280696	0.17039681	0.21809189	0.39805445	-0.00085887	0.00003349	3.77737080	0.34312565	0.01556796	0.02837953	-0.40249777
1.98461520	1668.75650000	12.27268400	2.57636420	0.30924613	0.87262715	0.11123359	0.17127554	0.22355043	0.36723136	-0.00067954	0.00003005	3.88488650	0.35863818	0.01418013	0.02270995	-0.46383477
1.98609070	1669.99720000	11.65556900	2.55955670	0.27828928	0.84188701	0.10908571	0.17086188	0.22816522	0.33192147	-0.00050765	0.00002680	3.95518100	0.38749592	0.01312969	0.01757677	-0.53267557
1.98750560	1671.18690000	10.97767500	2.51972290	0.24738232	0.80791904	0.10633269	0.16888932	0.23218968	0.29267047	-0.00034938	0.00002372	3.98830700	0.43037774	0.01242880	0.01314655	-0.60855494
1.98885850	1672.32450000	10.23970100	2.45298190	0.21683618	0.77061304	0.10299091	0.16509268	0.23637255	0.25050508	-0.00021062	0.00002074	3.99588230	0.49008529	0.01203706	0.00950094	-0.69040619
1.99014790	1673.40860000	9.44520280	2.35603930	0.18697989	0.72983919	0.09917478	0.15923823	0.24206892	0.20694523	-0.00009700	0.00001777	4.00534760	0.57299909	0.01185858	0.00663812	-0.77652429
1.99137210	1674.43800000	8.60099220	2.22682800	0.15816026	0.68541953	0.09517516	0.15116326	0.25105239	0.16391546	-0.00001289	0.00001477	4.05960690	0.69013219	0.01174810	0.00448844	-0.86463041
1.99252950	1675.41120000	7.71722730	2.06520720	0.13074283	0.63712029	0.09156307	0.14082091	0.26488358	0.12353467	0.00004015	0.00001176	4.20888410	0.85691590	0.01153071	0.00293999	-0.95207661
1.99361840	1676.32680000	6.80708430	1.87354290	0.10511088	0.58467719	0.08926530	0.12832158	0.28403048	0.08780081	0.00006462	0.00000886	4.49438540	1.09096070	0.01103421	0.00186641	-1.03617980
1.99463690	1677.18320000	5.88602000	1.65694750	0.08165872	0.52786733	0.08948701	0.11395943	0.30735885	0.05823358	0.00006687	0.00000623	4.92961750	1.40776390	0.01013242	0.00114921	-1.11461180
1.99558310	1677.97880000	4.97073800	1.42298920	0.06077438	0.46663360	0.09333262	0.09821140	0.33244979	0.03558052	0.00005545	0.00000402	5.49012900	1.81552040	0.00878751	0.00068990	-1.18575320
1.99645500	1678.71200000	4.07807440	1.18082650	0.04280877	0.40123828	0.10124470	0.08169947	0.35655187	0.01969420	0.00003877	0.00000233	6.12098240	2.31113660	0.00707701	0.00041205	-1.24888060
1.99725060	1679.38090000	3.22407100	0.93995856	0.02803202	0.33240578	0.11274203	0.06511523	0.37758876	0.00964284	0.00002307	0.00000118	6.76086470	2.87934420	0.00518603	0.00025751	-1.30409170
1.99796750	1679.98370000	2.42342450	0.70900279	0.01658229	0.26141979	0.12669937	0.04912168	0.39470903	0.00401957	0.00001154	0.00000050	7.36777680	3.49525250	0.00335982	0.00018172	-1.35202740
1.99860340	1680.51840000	1.68934210	0.49492796	0.00841698	0.19014010	0.14185270	0.03426826	0.40821499	0.00132835	0.00000465	0.00000017	7.92985960	4.12872940	0.00183098	0.00015102	-1.39349120
1.99915590	1680.98300000	1.03369800	0.30295795	0.00327931	0.12093526	0.15711743	0.02095727	0.41894176	0.00029629	0.00000136	0.00000004	8.45314900	4.74828800	0.00075303	0.00014185	-1.42912240
1.99962240	1681.37520000	0.46728136	0.13695624	0.00069362	0.05656912	0.17166307	0.00946679	0.42776881	0.00002671	0.00000020	0.00000000	8.94711340	5.32332390	0.00016596	0.00014026	-1.45928970
2.00000000	1681.69270000	0.00000000	0.00000000	0.00000000	0.00000000	0.18474435	0.00000000	0.43493115	0.00000000	-0.00000000	0.00000000	9.39732330	5.82509380	0.00000000	0.00014018	-1.48392130