0.00000000	0.00000000	0.00000000	0.00000000	0.00000000	0.00000000	0.28507167	0.00000000	0.32793055	0.00000000	-0.00000000	0.00000000	4.98049590	5.03514170	0.00000000	0.00016133	0.55373184
0.00056759	0.27168993	0.15148200	0.08862122	0.00095821	0.07523596	0.26861040	0.00597697	0.32502745	-0.00001444	-0.00000091	0.00000001	4.69475240	4.87819960	0.00030800	0.00016148	0.56139074
0.00125247	0.59952407	0.33704598	0.19474306	0.00446486	0.16017362	0.25041674	0.01331234	0.32419287	-0.00016676	-0.00000446	0.00000006	4.44707870	4.69040120	0.00139464	0.00016456	0.57065530
0.00205104	0.98178063	0.55721670	0.31817192	0.01138291	0.25189751	0.23111342	0.02203656	0.32598876	-0.00078323	-0.00001226	0.00000026	4.26055860	4.47355980	0.00344822	0.00018204	0.58122966
0.00295990	1.41682760	0.81257005	0.45906108	0.02239165	0.34750629	0.21126452	0.03217323	0.33010348	-0.00249656	-0.00002662	0.00000079	4.13971510	4.22925030	0.00657450	0.00023968	0.59250797
0.00397581	1.90311630	1.10345250	0.61746115	0.03792859	0.44431690	0.19167572	0.04370991	0.33523422	-0.00634322	-0.00005081	0.00000188	4.07139820	3.95834740	0.01080534	0.00037822	0.60347859
0.00509570	2.43918090	1.42957560	0.79259638	0.05816500	0.53991544	0.17355670	0.05655464	0.33912451	-0.01378904	-0.00008905	0.00000379	4.02451850	3.66051130	0.01611553	0.00064501	0.61266603
0.00631667	3.02363050	1.78951860	0.98200882	0.08301408	0.63225341	0.15850311	0.07048714	0.33917732	-0.02661157	-0.00014592	0.00000675	3.95931480	3.33424330	0.02244922	0.00107464	0.61821801
0.00763597	3.65514430	2.18026470	1.18099090	0.11216736	0.71972149	0.14811667	0.08512871	0.33348129	-0.04659245	-0.00022522	0.00001096	3.84592670	2.97833860	0.02975510	0.00166153	0.61819141
0.00905096	4.33246440	2.59694700	1.38271250	0.14515038	0.80121059	0.14330504	0.09995672	0.32170766	-0.07507129	-0.00032848	0.00001649	3.68154640	2.59483440	0.03801900	0.00233329	0.61098100
0.01055914	5.05439140	3.03296820	1.57916580	0.18138645	0.87612189	0.14373716	0.11437074	0.30531600	-0.11251896	-0.00045387	0.00002338	3.49177410	2.19198140	0.04726714	0.00293706	0.59576007
0.01215813	5.81978440	3.48053140	1.76257950	0.22025649	0.94431476	0.14801874	0.12778873	0.28695105	-0.15832380	-0.00059622	0.00003153	3.31445060	1.78498780	0.05753156	0.00324844	0.57272027
0.01384565	6.62755690	3.93145260	1.92674050	0.26114445	1.00599610	0.15442638	0.13973672	0.26939899	-0.21088560	-0.00074826	0.00004076	3.17916440	1.39349880	0.06879763	0.00300482	0.54301825
0.01561953	7.47667170	4.37802400	2.06778270	0.30346354	1.06159680	0.16152179	0.14990389	0.25463645	-0.26796579	-0.00090261	0.00005084	3.09606590	1.03697340	0.08097034	0.00195632	0.50847500
0.01747772	8.36613800	4.81370590	2.18431850	0.34666615	1.11165430	0.16835583	0.15815503	0.24339115	-0.32713833	-0.00105343	0.00006149	3.05734080	0.73029565	0.09387114	-0.00007705	0.47116197
0.01941822	9.29500700	5.23351430	2.27705400	0.39024448	1.15672560	0.17440618	0.16450882	0.23531585	-0.38618464	-0.00119694	0.00007244	3.04583280	0.48140034	0.10726027	-0.00315532	0.43302742
0.02143915	10.26237100	5.63410190	2.34814570	0.43372999	1.19733850	0.17944424	0.16909772	0.22951858	-0.44334032	-0.00133078	0.00008345	3.04380630	0.29126864	0.12086932	-0.00718757	0.39565722
0.02353868	11.26736400	6.01360230	2.40053000	0.47669589	1.23395910	0.18341744	0.17212384	0.22506204	-0.49738165	-0.00145263	0.00009425	3.03799970	0.15555378	0.13443064	-0.01192769	0.36017503
0.02571509	12.30915500	6.37134430	2.43737630	0.51876262	1.26698720	0.18636973	0.17382035	0.22123161	-0.54759102	-0.00155954	0.00010456	3.02093130	0.06677029	0.14770149	-0.01699735	0.32726364
0.02796671	13.38695000	6.70753560	2.46171580	0.55960465	1.29675930	0.18839242	0.17442280	0.21758720	-0.59365847	-0.00164906	0.00011412	2.98992710	0.01625255	0.16047973	-0.02192988	0.29724615
0.03029195	14.49998300	7.02297020	2.47623460	0.59895543	1.32355630	0.18959568	0.17415052	0.21390697	-0.63556571	-0.00172155	0.00012288	2.94541520	-0.00447089	0.17261071	-0.02622412	0.27018498
0.03268928	15.64752300	7.31879400	2.48319390	0.63660937	1.34761700	0.19009270	0.17319654	0.21010891	-0.67348160	-0.00178109	0.00013096	2.88941160	-0.00290904	0.18398947	-0.02939749	0.24597537
0.03515722	16.82886300	7.59633130	2.48442890	0.67242024	1.36914920	0.18999089	0.17172391	0.20618633	-0.70768040	-0.00183321	0.00013862	2.82446560	0.01469744	0.19455747	-0.03102996	0.22441681
0.03769437	18.04333000	7.85696500	2.48139040	0.70629664	1.38833820	0.18938795	0.16986611	0.20216629	-0.73848462	-0.00188173	0.00014610	2.75306440	0.04339037	0.20429536	-0.03079465	0.20526359
0.04029936	19.29027300	8.10205890	2.47520420	0.73819529	1.40535370	0.18837039	0.16772987	0.19808666	-0.76622757	-0.00192817	0.00015340	2.67736690	0.07936078	0.21321478	-0.02847401	0.18825767
0.04297089	20.56906700	8.33291250	2.46673340	0.76811338	1.42035850	0.18701322	0.16539907	0.19398447	-0.79123097	-0.00197357	0.00016019	2.59912060	0.11975992	0.22135041	-0.02396318	0.17314951
0.04570771	21.87911300	8.55073660	2.45663380	0.79608058	1.43350870	0.18538026	0.16293880	0.18989112	-0.81379313	-0.00201904	0.00016594	2.51967520	0.16250599	0.22875075	-0.01726288	0.15970761
0.04850861	23.21982900	8.75664340	2.44540290	0.82215145	1.44495810	0.18352417	0.16039899	0.18583246	-0.83418363	-0.00206343	0.00017004	2.44004810	0.20610994	0.23547218	-0.00846508	0.14772420
0.05137241	24.59065800	8.95164560	2.43341710	0.84639881	1.45485750	0.18148698	0.15781771	0.18182993	-0.85264220	-0.00210129	0.00017201	2.36099250	0.24953167	0.24157154	0.00226562	0.13701579
0.05429799	25.99106200	9.13666080	2.42096260	0.86890816	1.46335270	0.17930398	0.15522381	0.17790097	-0.86937997	-0.00212479	0.00017166	2.28307580	0.29206778	0.24710286	0.01471204	0.12742247
0.05728428	27.42052200	9.31251780	2.40825750	0.88977318	1.47057910	0.17700713	0.15263913	0.17405689	-0.88458227	-0.00212951	0.00016931	2.20671440	0.33326400	0.25211676	0.02862354	0.11880506
0.06033023	28.87853900	9.47996370	2.39546930	0.90909203	1.47666350	0.17462514	0.15008008	0.17030381	-0.89841106	-0.00211886	0.00016578	2.13220270	0.37284541	0.25666332	0.04373258	0.11104339
0.06343483	30.36463100	9.63967260	2.38272620	0.92696430	1.48172620	0.17218177	0.14755885	0.16664761	-0.91100738	-0.00210164	0.00016205	2.05975940	0.41066601	0.26079118	0.05976871	0.10403411
0.06659711	31.87833200	9.79225320	2.37012560	0.94348854	1.48587840	0.16969651	0.14508436	0.16309567	-0.92249417	-0.00208336	0.00015889	1.98955880	0.44667657	0.26454416	0.07646948	0.09768845
0.06981612	33.41919200	9.93825720	2.35774250	0.95876039	1.48922530	0.16718557	0.14266313	0.15965321	-0.93297842	-0.00206049	0.00015661	1.92171890	0.48089920	0.26796089	0.09358856	0.09193044
0.07309096	34.98677400	10.07818600	2.34563540	0.97287143	1.49186330	0.16466137	0.14029991	0.15632229	-0.94255364	-0.00202312	0.00015503	1.85629370	0.51340514	0.27107258	0.11090143	0.08669482
0.07642075	36.58065800	10.21249700	2.33384960	0.98590859	1.49387890	0.16213435	0.13799781	0.15310240	-0.95130244	-0.00196282	0.00015375	1.79329470	0.54429688	0.27390283	0.12820956	0.08192476
0.07980463	38.20043900	10.34160900	2.32241850	0.99795384	1.49534580	0.15961534	0.13575855	0.14999202	-0.95929845	-0.00187967	0.00015272	1.73272200	0.57369511	0.27647127	0.14534255	0.07757013
0.08324180	39.84572100	10.46590000	2.31136480	1.00908400	1.49632650	0.15711353	0.13358279	0.14699083	-0.96660702	-0.00178291	0.00015229	1.67456650	0.60173296	0.27879739	0.16215851	0.07358703
0.08673144	41.51612600	10.58572000	2.30070390	1.01937090	1.49687520	0.15463608	0.13147048	0.14409897	-0.97328614	-0.00168425	0.00015289	1.61880150	0.62855121	0.28090094	0.17854273	0.06993714
0.09027280	43.21128500	10.70138800	2.29044500	1.02888100	1.49703850	0.15218953	0.12942094	0.14131389	-0.97938792	-0.00158943	0.00015462	1.56537320	0.65428867	0.28280112	0.19440467	0.06658649
0.09386513	44.93084000	10.81319500	2.28059060	1.03767530	1.49685760	0.14977907	0.12743292	0.13863117	-0.98495944	-0.00149499	0.00015691	1.51420790	0.67907517	0.28451461	0.20967474	0.06350470
0.09750771	46.67444600	10.92140700	2.27113630	1.04581010	1.49636980	0.14740951	0.12550474	0.13604734	-0.99004280	-0.00139591	0.00015906	1.46524140	0.70303443	0.28605504	0.22430180	0.06066504
0.10119982	48.44176700	11.02627000	2.26207270	1.05333680	1.49560830	0.14508383	0.12363462	0.13355918	-0.99467525	-0.00129482	0.00016097	1.41839920	0.72628764	0.28743367	0.23825086	0.05804439
0.10494080	50.23247700	11.12801000	2.25338790	1.06030290	1.49460280	0.14280357	0.12182080	0.13116417	-0.99889012	-0.00120087	0.00016292	1.37360050	0.74895254	0.28865768	0.25150060	0.05562242
0.10872998	52.04626200	11.22683300	2.24506860	1.06675190	1.49337710	0.14057146	0.12006144	0.12885909	-1.00271800	-0.00112451	0.00016515	1.33076990	0.77113991	0.28973204	0.26404124	0.05338059
0.11256673	53.88281600	11.32293300	2.23709960	1.07272360	1.49195030	0.13838995	0.11835454	0.12664012	-1.00618660	-0.00107196	0.00016755	1.28983240	0.79294844	0.29066350	0.27587331	0.05130221
0.11645042	55.74184200	11.41648600	2.22946390	1.07825460	1.49034050	0.13625924	0.11669816	0.12450416	-1.00932090	-0.00104195	0.00016984	1.25070930	0.81446836	0.29145881	0.28700670	0.04937243
0.12038047	57.62305300	11.50765400	2.22214230	1.08337860	1.48856260	0.13417990	0.11509045	0.12244505	-1.01214460	-0.00102794	0.00017177	1.21330190	0.83578030	0.29212374	0.29745840	0.04757730
0.12435627	59.52616900	11.59658600	2.21511410	1.08812700	1.48663070	0.13215323	0.11352938	0.12045967	-1.01467910	-0.00102311	0.00017329	1.17752900	0.85695618	0.29266580	0.30724971	0.04590383
0.12837727	61.45091900	11.68341500	2.20835900	1.09252830	1.48455920	0.13017879	0.11201276	0.11854719	-1.01694390	-0.00102355	0.00017424	1.14331560	0.87806199	0.29309205	0.31640540	0.04434055
0.13244291	63.39703700	11.76826500	2.20185930	1.09660810	1.48236240	0.12825568	0.11053860	0.11670196	-1.01895630	-0.00102806	0.00017407	1.11056810	0.89915256	0.29340851	0.32495445	0.04287742
0.13655266	65.36426600	11.85124900	2.19559740	1.10038870	1.48005360	0.12638287	0.10910502	0.11491861	-1.02073140	-0.00103610	0.00017261	1.07920450	0.92026981	0.29362143	0.33293030	0.04150572
0.14070598	67.35235800	11.93247000	2.18955450	1.10389070	1.47764580	0.12455944	0.10771020	0.11319633	-1.02228310	-0.00104706	0.00017059	1.04917350	0.94145078	0.29373683	0.34036890	0.04021780
0.14490239	69.36107100	12.01202500	2.18371230	1.10713290	1.47515070	0.12278413	0.10635254	0.11153199	-1.02362470	-0.00105787	0.00016876	1.02040790	0.96272856	0.29375988	0.34730584	0.03900611
0.14914138	71.39016800	12.09000000	2.17805390	1.11013300	1.47257830	0.12105520	0.10503059	0.10992031	-1.02476870	-0.00106530	0.00016759	0.99282499	0.98412519	0.29369513	0.35377469	0.03786326
0.15342248	73.43942000	12.16647300	2.17256270	1.11290760	1.46993740	0.11937194	0.10374295	0.10835971	-1.02572540	-0.00107114	0.00016752	0.96636643	1.00565370	0.29354747	0.35980671	0.03678371
0.15774522	75.50860400	12.24151800	2.16722220	1.11547220	1.46723490	0.11773416	0.10248819	0.10685112	-1.02650320	-0.00108076	0.00016839	0.94099115	1.02732860	0.29332270	0.36543100	0.03576361
0.16210914	77.59750200	12.31520600	2.16201850	1.11784040	1.46447860	0.11614066	0.10126508	0.10539205	-1.02711020	-0.00109682	0.00016925	0.91664235	1.04916760	0.29302687	0.37067544	0.03479895
0.16651381	79.70590300	12.38760300	2.15693940	1.12002410	1.46167530	0.11459026	0.10007257	0.10397658	-1.02755520	-0.00111535	0.00016906	0.89325484	1.07118290	0.29266489	0.37556812	0.03388499
0.17095878	81.83360000	12.45876800	2.15197300	1.12203370	1.45883090	0.11308249	0.09890951	0.10260207	-1.02784580	-0.00113087	0.00016743	0.87078861	1.09338070	0.29224260	0.38013767	0.03301760
0.17544365	83.98039100	12.52875700	2.14710860	1.12387930	1.45595150	0.11161594	0.09777470	0.10126834	-1.02798860	-0.00114357	0.00016449	0.84920922	1.11576850	0.29176655	0.38441246	0.03219390
0.17996800	86.14608000	12.59762300	2.14233880	1.12557030	1.45304370	0.11018727	0.09666714	0.09997333	-1.02798940	-0.00115918	0.00016067	0.82845963	1.13835470	0.29124355	0.38841996	0.03141118
0.18453143	88.33047800	12.66541600	2.13765900	1.12711610	1.45011380	0.10879389	0.09558588	0.09871547	-1.02785450	-0.00118192	0.00015653	0.80848777	1.16114230	0.29067974	0.39218589	0.03066642
0.18913355	90.53339700	12.73218300	2.13306360	1.12852560	1.44716660	0.10743613	0.09453005	0.09749383	-1.02758970	-0.00120822	0.00015254	0.78926067	1.18412740	0.29008008	0.39573308	0.02995678
0.19377399	92.75465600	12.79796600	2.12854580	1.12980650	1.44420610	0.10611508	0.09349873	0.09630722	-1.02720020	-0.00122804	0.00014902	0.77075212	1.20730570	0.28944851	0.39908073	0.02927974
0.19845237	94.99407900	12.86280500	2.12409830	1.13096550	1.44123570	0.10482935	0.09249097	0.09515347	-1.02669120	-0.00123322	0.00014617	0.75292349	1.23067550	0.28878822	0.40224521	0.02863289
0.20316834	97.25149200	12.92673700	2.11971410	1.13200790	1.43825760	0.10357589	0.09150588	0.09403093	-1.02606720	-0.00122277	0.00014363	0.73573601	1.25423400	0.28810159	0.40524238	0.02801411
0.20792154	99.52672600	12.98979500	2.11538700	1.13293860	1.43527200	0.10235356	0.09054273	0.09293714	-1.02533250	-0.00120170	0.00014084	0.71916077	1.27797630	0.28739307	0.40808927	0.02742160
0.21271162	101.81962000	13.05201400	2.11111000	1.13376250	1.43227930	0.10116096	0.08960070	0.09187060	-1.02449070	-0.00117472	0.00013730	0.70316875	1.30189490	0.28666963	0.41080369	0.02685390
0.21753825	104.13000000	13.11342300	2.10687570	1.13448470	1.42928080	0.09999651	0.08867891	0.09083163	-1.02354540	-0.00114213	0.00013274	0.68773355	1.32598370	0.28593671	0.41340239	0.02630958
0.22240111	106.45773000	13.17405100	2.10267900	1.13511070	1.42627650	0.09886041	0.08777667	0.08981889	-1.02249990	-0.00110316	0.00012748	0.67282977	1.35023820	0.28519618	0.41589952	0.02578720
0.22729986	108.80263000	13.23392700	2.09851650	1.13564580	1.42326500	0.09775372	0.08689348	0.08883059	-1.02135710	-0.00106247	0.00012233	0.65843799	1.37465250	0.28445024	0.41830654	0.02528569
0.23223419	111.16457000	13.29307700	2.09438570	1.13609500	1.42024560	0.09667521	0.08602892	0.08786614	-1.02011960	-0.00103083	0.00011796	0.64453351	1.39922080	0.28370313	0.42063300	0.02480424
0.23720380	113.54340000	13.35152800	2.09028230	1.13646250	1.41721880	0.09562315	0.08518253	0.08692545	-1.01879020	-0.00101663	0.00011455	0.63108922	1.42393740	0.28295841	0.42288660	0.02434200
0.24220839	115.93896000	13.40930500	2.08619980	1.13675170	1.41418510	0.09459604	0.08435379	0.08600724	-1.01737160	-0.00101941	0.00011215	0.61807794	1.44879850	0.28221879	0.42507291	0.02389783
0.24724765	118.35113000	13.46643100	2.08213050	1.13696460	1.41114440	0.09359283	0.08354200	0.08511174	-1.01586670	-0.00103075	0.00011083	0.60548762	1.47380280	0.28148722	0.42719634	0.02347047
0.25232131	120.77976000	13.52292900	2.07806900	1.13710230	1.40809730	0.09261282	0.08274644	0.08423863	-1.01427780	-0.00104232	0.00011059	0.59331053	1.49895130	0.28076780	0.42926181	0.02305877
0.25742909	123.22473000	13.57881800	2.07401270	1.13716600	1.40504710	0.09165536	0.08196651	0.08338376	-1.01260750	-0.00105412	0.00011114	0.58152274	1.52424230	0.28006482	0.43127604	0.02266142
0.26257070	125.68588000	13.63411500	2.06995930	1.13715780	1.40199840	0.09071925	0.08120168	0.08254481	-1.01085830	-0.00106786	0.00011190	0.57009923	1.54966750	0.27938048	0.43324677	0.02227713
0.26774587	128.16310000	13.68883700	2.06590520	1.13708080	1.39895460	0.08980294	0.08045151	0.08172242	-1.00903210	-0.00108215	0.00011250	0.55901954	1.57521620	0.27871430	0.43518025	0.02190524
0.27295433	130.65626000	13.74299900	2.06184620	1.13693820	1.39591640	0.08890618	0.07971567	0.08091887	-1.00712990	-0.00109623	0.00011314	0.54827600	1.60087950	0.27806629	0.43707964	0.02154568
0.27819583	133.16523000	13.79661700	2.05777790	1.13673300	1.39288350	0.08802846	0.07899390	0.08013507	-1.00515320	-0.00110920	0.00011392	0.53785980	1.62665310	0.27743564	0.43894637	0.02119833
0.28347011	135.68990000	13.84971000	2.05369840	1.13646750	1.38985310	0.08716992	0.07828583	0.07937081	-1.00310330	-0.00111887	0.00011459	0.52776460	1.65253730	0.27681995	0.44078252	0.02086281
0.28877691	138.23013000	13.90229100	2.04960880	1.13614330	1.38682160	0.08633004	0.07759099	0.07862311	-1.00098220	-0.00112494	0.00011489	0.51797056	1.67853180	0.27621948	0.44259110	0.02053830
0.29411599	140.78581000	13.95437600	2.04551060	1.13576200	1.38378690	0.08550732	0.07690894	0.07788926	-0.99879206	-0.00113037	0.00011490	0.50845320	1.70462900	0.27563571	0.44437493	0.02022371
0.29948711	143.35683000	14.00597700	2.04140270	1.13532470	1.38074840	0.08470075	0.07623928	0.07717021	-0.99653456	-0.00113889	0.00011482	0.49920316	1.73081780	0.27506834	0.44613572	0.01991825
0.30489002	145.94306000	14.05710400	2.03728240	1.13483260	1.37770470	0.08390960	0.07558149	0.07646749	-0.99421085	-0.00115465	0.00011486	0.49021571	1.75708930	0.27451644	0.44787473	0.01962171
0.31032450	148.54441000	14.10777100	2.03314770	1.13428620	1.37465260	0.08313398	0.07493502	0.07578115	-0.99182196	-0.00117936	0.00011507	0.48148573	1.78343950	0.27398029	0.44959407	0.01933408
0.31579030	151.16075000	14.15798800	2.02899910	1.13368590	1.37158870	0.08237373	0.07429955	0.07510864	-0.98936920	-0.00121213	0.00011557	0.47299952	1.80986760	0.27346196	0.45129727	0.01905494
0.32128721	153.79197000	14.20776700	2.02483860	1.13303200	1.36851050	0.08162866	0.07367487	0.07444831	-0.98685388	-0.00125032	0.00011662	0.46474518	1.83637200	0.27296334	0.45298773	0.01878386
0.32681498	156.43798000	14.25711900	2.02066870	1.13232510	1.36541690	0.08089939	0.07306076	0.07379843	-0.98427719	-0.00129185	0.00011838	0.45671251	1.86294850	0.27248561	0.45466673	0.01852034
0.33237341	159.09866000	14.30605200	2.01649030	1.13156580	1.36231000	0.08018466	0.07245704	0.07315803	-0.98164031	-0.00133811	0.00012028	0.44888822	1.88958950	0.27203002	0.45633395	0.01826388
0.33796227	161.77390000	14.35457700	2.01230170	1.13075480	1.35919360	0.07948211	0.07186338	0.07252805	-0.97894439	-0.00139205	0.00012134	0.44126281	1.91628800	0.27159531	0.45798908	0.01801384
0.34358134	164.46361000	14.40269800	2.00810090	1.12989300	1.35607090	0.07879141	0.07127929	0.07190812	-0.97619065	-0.00145202	0.00012114	0.43382930	1.94303690	0.27117804	0.45963250	0.01776953
0.34923041	167.16767000	14.45042400	2.00388560	1.12898170	1.35294400	0.07811245	0.07070430	0.07129816	-0.97337946	-0.00151174	0.00011984	0.42658110	1.96982670	0.27077523	0.46126495	0.01753113
0.35490927	169.88600000	14.49776200	1.99965120	1.12802270	1.34981560	0.07744464	0.07013805	0.07069826	-0.97051112	-0.00156538	0.00011753	0.41950977	1.99664830	0.27038564	0.46288710	0.01729898
0.36061770	172.61848000	14.54472100	1.99539030	1.12701760	1.34669000	0.07678722	0.06958013	0.07010909	-0.96758633	-0.00161043	0.00011440	0.41260955	2.02349580	0.27000852	0.46449926	0.01707295
0.36635550	175.36501000	14.59130900	1.99109630	1.12596820	1.34356980	0.07613977	0.06903028	0.06953096	-0.96460580	-0.00164640	0.00011090	0.40587676	2.05036670	0.26964276	0.46610203	0.01685301
0.37212245	178.12551000	14.63753500	1.98676460	1.12487620	1.34045450	0.07550316	0.06848847	0.06896486	-0.96157013	-0.00167229	0.00010736	0.39931325	2.07726230	0.26928843	0.46769631	0.01663927
0.37791836	180.89986000	14.68340800	1.98239460	1.12374310	1.33734180	0.07487802	0.06795468	0.06841036	-0.95848046	-0.00168490	0.00010346	0.39291404	2.10418490	0.26894687	0.46928167	0.01643147
0.38374303	183.68798000	14.72893700	1.97798920	1.12256980	1.33423000	0.07426327	0.06742864	0.06786446	-0.95533837	-0.00167996	0.00009889	0.38666142	2.13113380	0.26861872	0.47085589	0.01622870
0.38959623	186.48976000	14.77412700	1.97355260	1.12135670	1.33111780	0.07365879	0.06691004	0.06732562	-0.95214506	-0.00165303	0.00009382	0.38054822	2.15810330	0.26830246	0.47241605	0.01603033
0.39547779	189.30511000	14.81898400	1.96908840	1.12010380	1.32800420	0.07306489	0.06639874	0.06679459	-0.94890084	-0.00159912	0.00008849	0.37457765	2.18508620	0.26799557	0.47396017	0.01583646
0.40138748	192.13393000	14.86351400	1.96459940	1.11881140	1.32488930	0.07248029	0.06589472	0.06627204	-0.94560577	-0.00151847	0.00008301	0.36874606	2.21207840	0.26769552	0.47548800	0.01564745
0.40732510	194.97612000	14.90772300	1.96008710	1.11747970	1.32177300	0.07190462	0.06539794	0.06575687	-0.94226083	-0.00141898	0.00007739	0.36304460	2.23907610	0.26740014	0.47699998	0.01546283
0.41329047	197.83159000	14.95161700	1.95555040	1.11610880	1.31865480	0.07133755	0.06490829	0.06524929	-0.93886743	-0.00131077	0.00007163	0.35746846	2.26607190	0.26710884	0.47849557	0.01528156
0.41928337	200.70023000	14.99519800	1.95098770	1.11469890	1.31553390	0.07077812	0.06442552	0.06474949	-0.93542632	-0.00120559	0.00006587	0.35201334	2.29305610	0.26682175	0.47997330	0.01510325
0.42530361	203.58197000	15.03846800	1.94639740	1.11324980	1.31240850	0.07022581	0.06394925	0.06425727	-0.93193764	-0.00111451	0.00006051	0.34667561	2.32002160	0.26653923	0.48143181	0.01492818
0.43135098	206.47669000	15.08143200	1.94177940	1.11176180	1.30927720	0.06968118	0.06347916	0.06377233	-0.92840162	-0.00104390	0.00005606	0.34145445	2.34696570	0.26626282	0.48287056	0.01475665
0.43742528	209.38430000	15.12409300	1.93713500	1.11023520	1.30614010	0.06914292	0.06301511	0.06329421	-0.92481877	-0.00099566	0.00005283	0.33634275	2.37388740	0.26599460	0.48428993	0.01458878
0.44352631	212.30471000	15.16645800	1.93246510	1.10867120	1.30299580	0.06861046	0.06255714	0.06282123	-0.92118968	-0.00097255	0.00005117	0.33133174	2.40078390	0.26573403	0.48569131	0.01442455
0.44965386	215.23781000	15.20853000	1.92776850	1.10707120	1.29983970	0.06808565	0.06210524	0.06235338	-0.91751480	-0.00097832	0.00005094	0.32642383	2.42765250	0.26548031	0.48707625	0.01426415
0.45580773	218.18351000	15.25031600	1.92304200	1.10543720	1.29666650	0.06756922	0.06165927	0.06189132	-0.91379474	-0.00101178	0.00005179	0.32161903	2.45449230	0.26523460	0.48844515	0.01410752
0.46198772	221.14171000	15.29182200	1.91828210	1.10377070	1.29347290	0.06706074	0.06121902	0.06143530	-0.91003047	-0.00106696	0.00005354	0.31691338	2.48130250	0.26499967	0.48979692	0.01395433
0.46819361	224.11231000	15.33305100	1.91348490	1.10207300	1.29025850	0.06655966	0.06078425	0.06098609	-0.90622252	-0.00113508	0.00005630	0.31230501	2.50808070	0.26477789	0.49113009	0.01380441
0.47442518	227.09521000	15.37400800	1.90864720	1.10034480	1.28702430	0.06606595	0.06035476	0.06054447	-0.90237107	-0.00120345	0.00006001	0.30779405	2.53482830	0.26456978	0.49244310	0.01365804
0.48068224	230.09030000	15.41470100	1.90376790	1.09858670	1.28377110	0.06557816	0.05993046	0.06011049	-0.89847630	-0.00126030	0.00006430	0.30337602	2.56155030	0.26437374	0.49373413	0.01351536
0.48696456	233.09749000	15.45513400	1.89884830	1.09679870	1.28049710	0.06509626	0.05951131	0.05968327	-0.89453874	-0.00129939	0.00006831	0.29904790	2.58825080	0.26418765	0.49500105	0.01337619
0.49327192	236.11666000	15.49531200	1.89389070	1.09498120	1.27719980	0.06462056	0.05909729	0.05926193	-0.89055918	-0.00131990	0.00007139	0.29480667	2.61493090	0.26401038	0.49624103	0.01324003
0.49960412	239.14772000	15.53524000	1.88889660	1.09313450	1.27387700	0.06415175	0.05868828	0.05884537	-0.88653845	-0.00132622	0.00007343	0.29064825	2.64158620	0.26384123	0.49745067	0.01310631
0.50596091	242.19056000	15.57492000	1.88386620	1.09125860	1.27052950	0.06368936	0.05828403	0.05843334	-0.88247706	-0.00132405	0.00007469	0.28656845	2.66821130	0.26367823	0.49862662	0.01297488
0.51234208	245.24506000	15.61435400	1.87879970	1.08935370	1.26715860	0.06323275	0.05788425	0.05802525	-0.87837553	-0.00131626	0.00007533	0.28256310	2.69480220	0.26351756	0.49976637	0.01284555
0.51874740	248.31112000	15.65354300	1.87369700	1.08741970	1.26376500	0.06278200	0.05748882	0.05762049	-0.87423439	-0.00130318	0.00007559	0.27862962	2.72135310	0.26335552	0.50086815	0.01271811
0.52517663	251.38863000	15.69248900	1.86855700	1.08545680	1.26034900	0.06233653	0.05709774	0.05721929	-0.87005406	-0.00128510	0.00007593	0.27476576	2.74785830	0.26318903	0.50193022	0.01259254
0.53162953	254.47747000	15.73119400	1.86337950	1.08346550	1.25691090	0.06189671	0.05671089	0.05682259	-0.86583492	-0.00126442	0.00007681	0.27097339	2.77431480	0.26301476	0.50295042	0.01246890
0.53810586	257.57752000	15.76965900	1.85816630	1.08144600	1.25345070	0.06146196	0.05632814	0.05643140	-0.86157731	-0.00124372	0.00007827	0.26725231	2.80072080	0.26283041	0.50392718	0.01234727
0.54460538	260.68868000	15.80788700	1.85292110	1.07939880	1.24996840	0.06103180	0.05594936	0.05604562	-0.85728179	-0.00122369	0.00007985	0.26360101	2.82707290	0.26263530	0.50486070	0.01222754
0.55112782	263.81080000	15.84587800	1.84764680	1.07732440	1.24646550	0.06060616	0.05557451	0.05566357	-0.85294878	-0.00120656	0.00008121	0.26001362	2.85336340	0.26243046	0.50575287	0.01210963
0.55767294	266.94378000	15.88363500	1.84234210	1.07522390	1.24294410	0.06018472	0.05520339	0.05528732	-0.84857846	-0.00119578	0.00008252	0.25649070	2.87958560	0.26221584	0.50660600	0.01199367
0.56424046	270.08749000	15.92115900	1.83700620	1.07309780	1.23940480	0.05976751	0.05483572	0.05491683	-0.84417171	-0.00119322	0.00008384	0.25302927	2.90573720	0.26198914	0.50742122	0.01187899
0.57083013	273.24179000	15.95844900	1.83164110	1.07094670	1.23584500	0.05935450	0.05447131	0.05454892	-0.83972926	-0.00119955	0.00008493	0.24962120	2.93180910	0.26174746	0.50819929	0.01176504
0.57744166	276.40657000	15.99550400	1.82624790	1.06877080	1.23226120	0.05894605	0.05411023	0.05418408	-0.83525077	-0.00121442	0.00008557	0.24626815	2.95779060	0.26148997	0.50894133	0.01165245
0.58407478	279.58167000	16.03232600	1.82082640	1.06657030	1.22865300	0.05854162	0.05375264	0.05382347	-0.83073574	-0.00123452	0.00008576	0.24297064	2.98368000	0.26121712	0.50964846	0.01154219
0.59072921	282.76697000	16.06891900	1.81537780	1.06434510	1.22502290	0.05814100	0.05339854	0.05346706	-0.82618462	-0.00125259	0.00008552	0.23972822	3.00948120	0.26092900	0.51032169	0.01143434
0.59740464	285.96233000	16.10528600	1.80990350	1.06209520	1.22137440	0.05774405	0.05304789	0.05311427	-0.82159822	-0.00125779	0.00008476	0.23653877	3.03519550	0.26062407	0.51096200	0.01132856
0.60410078	289.16761000	16.14143000	1.80440340	1.05982050	1.21770940	0.05735052	0.05270070	0.05276603	-0.81697699	-0.00124060	0.00008356	0.23340184	3.06082330	0.26030000	0.51157020	0.01122483
0.61081733	292.38264000	16.17735400	1.79887690	1.05752050	1.21402680	0.05696113	0.05235684	0.05242242	-0.81232119	-0.00119628	0.00008186	0.23031827	3.08636740	0.25995582	0.51214660	0.01112324
0.61755396	295.60730000	16.21306200	1.79332470	1.05519450	1.21032570	0.05657564	0.05201610	0.05208203	-0.80763142	-0.00112437	0.00007906	0.22728415	3.11183120	0.25959214	0.51269112	0.01102362
0.62431036	298.84141000	16.24855500	1.78774800	1.05284190	1.20660590	0.05619357	0.05167837	0.05174449	-0.80290813	-0.00102632	0.00007527	0.22429721	3.13721710	0.25920880	0.51320295	0.01092593
0.63108620	302.08483000	16.28383600	1.78214850	1.05046210	1.20286720	0.05581515	0.05134344	0.05140945	-0.79815201	-0.00090731	0.00007137	0.22135691	3.16252820	0.25880428	0.51368059	0.01083001
0.63788113	305.33740000	16.31890700	1.77652880	1.04805470	1.19911020	0.05544108	0.05101113	0.05107670	-0.79336409	-0.00077479	0.00006813	0.21846284	3.18776400	0.25837851	0.51412265	0.01073522
0.64469483	308.59894000	16.35376700	1.77089090	1.04561970	1.19533770	0.05507074	0.05068143	0.05074617	-0.78854491	-0.00063013	0.00006575	0.21561156	3.21291920	0.25793267	0.51452826	0.01064139
0.65152693	311.86929000	16.38841600	1.76523480	1.04315700	1.19155270	0.05470292	0.05035442	0.05041800	-0.78369434	-0.00046808	0.00006391	0.21280057	3.23798980	0.25746614	0.51489754	0.01054905
0.65837707	315.14828000	16.42285800	1.75955810	1.04066680	1.18775500	0.05433741	0.05003014	0.05009267	-0.77881235	-0.00028519	0.00006221	0.21002998	3.26297660	0.25697912	0.51523085	0.01045876
0.66524489	318.43573000	16.45709500	1.75385710	1.03814910	1.18394360	0.05397434	0.04970841	0.04977095	-0.77389963	-0.00008539	0.00006080	0.20729959	3.28788290	0.25647362	0.51552728	0.01037037
0.67213001	321.73146000	16.49112900	1.74812870	1.03560400	1.18011740	0.05361455	0.04938896	0.04945255	-0.76895736	0.00012547	0.00006001	0.20461007	3.31270850	0.25595072	0.51578427	0.01028315
0.67903205	325.03529000	16.52495900	1.74237140	1.03303150	1.17627390	0.05325809	0.04907171	0.04913651	-0.76398635	0.00034279	0.00006005	0.20196051	3.33744970	0.25541024	0.51599872	0.01019657
0.68595060	328.34702000	16.55858500	1.73658620	1.03043150	1.17240920	0.05290442	0.04875675	0.04882166	-0.75898688	0.00056032	0.00006105	0.19934690	3.36210130	0.25485261	0.51616752	0.01011069
0.69288528	331.66648000	16.59200600	1.73077420	1.02780460	1.16852040	0.05255387	0.04844425	0.04850732	-0.75395913	0.00077004	0.00006302	0.19676696	3.38665850	0.25427965	0.51628769	0.01002581
0.69983567	334.99345000	16.62522200	1.72493460	1.02515140	1.16460590	0.05220645	0.04813418	0.04819551	-0.74890341	0.00096518	0.00006604	0.19422414	3.41111930	0.25369383	0.51635695	0.00994211
0.70680135	338.32774000	16.65823400	1.71906670	1.02247210	1.16066620	0.05186116	0.04782642	0.04788800	-0.74382007	0.00114260	0.00007022	0.19171995	3.43548320	0.25309761	0.51637384	0.00985969
0.71378190	341.66915000	16.69104300	1.71317080	1.01976730	1.15670310	0.05151806	0.04752098	0.04758385	-0.73870954	0.00130148	0.00007538	0.18925214	3.45974940	0.25249319	0.51633717	0.00977855
0.72077689	345.01748000	16.72365100	1.70724820	1.01703710	1.15271970	0.05117773	0.04721794	0.04728253	-0.73357211	0.00143886	0.00008110	0.18682007	3.48391580	0.25188260	0.51624505	0.00969873
0.72778588	348.37250000	16.75605900	1.70129950	1.01428180	1.14872000	0.05083931	0.04691730	0.04698427	-0.72840797	0.00154799	0.00008700	0.18442271	3.50798130	0.25126568	0.51609506	0.00962055
0.73480842	351.73401000	16.78826900	1.69532450	1.01150160	1.14470660	0.05050276	0.04661901	0.04668863	-0.72321746	0.00162388	0.00009281	0.18205961	3.53194750	0.25064027	0.51588539	0.00954419
0.74184405	355.10179000	16.82028600	1.68932230	1.00869710	1.14068000	0.05016874	0.04632302	0.04639570	-0.71800124	0.00166911	0.00009850	0.17973147	3.55581810	0.25000467	0.51561470	0.00946962
0.74889232	358.47562000	16.85211100	1.68329230	1.00586900	1.13664010	0.04983707	0.04602930	0.04610552	-0.71276001	0.00168935	0.00010432	0.17743664	3.57959790	0.24935805	0.51528146	0.00939675
0.75595277	361.85527000	16.88374800	1.67723490	1.00301800	1.13258670	0.04950745	0.04573780	0.04581759	-0.70749466	0.00168943	0.00011019	0.17517316	3.60329110	0.24870074	0.51488427	0.00932529
0.76302492	365.24053000	16.91519700	1.67115120	1.00014500	1.12851880	0.04917986	0.04544850	0.04553089	-0.70220631	0.00167367	0.00011589	0.17293928	3.62689730	0.24803243	0.51442205	0.00925464
0.77010829	368.63116000	16.94645700	1.66504140	0.99725134	1.12443380	0.04885483	0.04516138	0.04524422	-0.69689593	0.00164735	0.00012135	0.17073311	3.65041150	0.24735205	0.51389359	0.00918428
0.77720242	372.02694000	16.97752500	1.65890460	0.99433835	1.12032780	0.04853378	0.04487644	0.04495815	-0.69156377	0.00161589	0.00012649	0.16855678	3.67382700	0.24665848	0.51329701	0.00911433
0.78430682	375.42763000	17.00840300	1.65273930	0.99140734	1.11619880	0.04821676	0.04459361	0.04467419	-0.68620983	0.00158301	0.00013143	0.16641181	3.69714190	0.24595154	0.51263034	0.00904523
0.79142100	378.83301000	17.03908800	1.64654510	0.98845903	1.11204700	0.04790314	0.04431268	0.04439317	-0.68083471	0.00155134	0.00013646	0.16429801	3.72035630	0.24523133	0.51189247	0.00897689
0.79854449	382.24284000	17.06958200	1.64032420	0.98549358	1.10787570	0.04759243	0.04403338	0.04411443	-0.67543945	0.00152449	0.00014188	0.16221356	3.74346670	0.24449860	0.51108312	0.00890882
0.80567679	385.65689000	17.09988100	1.63407870	0.98251105	1.10368930	0.04728474	0.04375562	0.04383772	-0.67002463	0.00150744	0.00014759	0.16015851	3.76646420	0.24375246	0.51020214	0.00884081
0.81281742	389.07493000	17.12998300	1.62781070	0.97951150	1.09949200	0.04697993	0.04347952	0.04356336	-0.66459053	0.00150339	0.00015313	0.15813255	3.78933910	0.24299051	0.50924906	0.00877297
0.81996589	392.49672000	17.15988700	1.62152210	0.97649495	1.09528550	0.04667723	0.04320515	0.04329141	-0.65913702	0.00151053	0.00015796	0.15613336	3.81208350	0.24220996	0.50822316	0.00870570
0.82712174	395.92204000	17.18959300	1.61521410	0.97346123	1.09107030	0.04637642	0.04293247	0.04302181	-0.65366408	0.00152395	0.00016176	0.15416030	3.83469400	0.24140881	0.50712418	0.00863952
0.83428447	399.35065000	17.21910300	1.60888740	0.97041009	1.08684580	0.04607717	0.04266157	0.04275530	-0.64817236	0.00153786	0.00016449	0.15221431	3.85717140	0.24058494	0.50595214	0.00857438
0.84145363	402.78235000	17.24841600	1.60254430	0.96734122	1.08261030	0.04577971	0.04239253	0.04249067	-0.64266319	0.00154861	0.00016605	0.15029358	3.87951520	0.23973643	0.50470714	0.00850957
0.84862874	406.21689000	17.27753100	1.59618760	0.96425434	1.07836080	0.04548464	0.04212540	0.04222687	-0.63713750	0.00155617	0.00016642	0.14839715	3.90171860	0.23886243	0.50338979	0.00844460
0.85580936	409.65407000	17.30644500	1.58981850	0.96114925	1.07409560	0.04519241	0.04186017	0.04196463	-0.63159546	0.00156234	0.00016587	0.14652751	3.92377330	0.23796372	0.50200142	0.00837969
0.86299503	413.09366000	17.33515700	1.58343680	0.95802581	1.06981520	0.04490234	0.04159685	0.04170480	-0.62603751	0.00156856	0.00016473	0.14468504	3.94567600	0.23704070	0.50054382	0.00831484
0.87018531	416.53547000	17.36366300	1.57704480	0.95488408	1.06551990	0.04461367	0.04133536	0.04144492	-0.62046436	0.00157449	0.00016338	0.14286386	3.96742330	0.23609239	0.49901895	0.00824973
0.87737978	419.97928000	17.39196100	1.57064490	0.95172467	1.06120820	0.04432682	0.04107558	0.04118508	-0.61487616	0.00157944	0.00016211	0.14106473	3.98900910	0.23511769	0.49742907	0.00818456
0.88457802	423.42489000	17.42005000	1.56423760	0.94854872	1.05687800	0.04404262	0.04081743	0.04092765	-0.60927289	0.00158477	0.00016093	0.13929238	4.01043090	0.23411661	0.49577671	0.00811971
0.89177965	426.87213000	17.44792900	1.55782370	0.94535749	1.05252900	0.04376147	0.04056088	0.04067325	-0.60365472	0.00159378	0.00015982	0.13754710	4.03168900	0.23308917	0.49406457	0.00805532
0.89898428	430.32080000	17.47559900	1.55140450	0.94215199	1.04816370	0.04348320	0.04030595	0.04042192	-0.59802180	0.00160964	0.00015918	0.13582686	4.05278380	0.23203573	0.49229486	0.00799155
0.90619154	433.77073000	17.50306100	1.54498170	0.93893263	1.04378650	0.04320688	0.04005260	0.04017292	-0.59237416	0.00163344	0.00015948	0.13412799	4.07371580	0.23095596	0.49046892	0.00792865
0.91340111	437.22177000	17.53031600	1.53855540	0.93569932	1.03940150	0.04293218	0.03980075	0.03992506	-0.58671215	0.00166365	0.00016071	0.13244852	4.09448470	0.22984876	0.48858758	0.00786667
0.92061264	440.67374000	17.55736500	1.53212310	0.93245182	1.03501090	0.04265874	0.03955048	0.03967856	-0.58103636	0.00169719	0.00016233	0.13078891	4.11508790	0.22871288	0.48665100	0.00780539
0.92782583	444.12651000	17.58421100	1.52568030	0.92918993	1.03061510	0.04238601	0.03930187	0.03943459	-0.57534708	0.00173121	0.00016402	0.12915018	4.13552290	0.22754734	0.48465865	0.00774493
0.93504041	447.57995000	17.61085400	1.51922220	0.92591346	1.02621160	0.04211472	0.03905490	0.03919346	-0.56964453	0.00176284	0.00016581	0.12753358	4.15578990	0.22635190	0.48260992	0.00768549
0.94225611	451.03392000	17.63729800	1.51274580	0.92262208	1.02179670	0.04184543	0.03880947	0.03895440	-0.56392950	0.00179031	0.00016751	0.12593882	4.17589080	0.22512824	0.48050485	0.00762668
0.94947271	454.48832000	17.66354200	1.50624940	0.91931540	1.01736800	0.04157812	0.03856550	0.03871693	-0.55820284	0.00181531	0.00016875	0.12436508	4.19582360	0.22387921	0.47834412	0.00756781
0.95669000	457.94306000	17.68958500	1.49973290	0.91599311	1.01292510	0.04131176	0.03832294	0.03848004	-0.55246493	0.00184162	0.00016953	0.12280860	4.21558320	0.22260745	0.47612884	0.00750851
0.96390780	461.39803000	17.71542400	1.49319630	0.91265523	1.00846830	0.04104519	0.03808178	0.03824372	-0.54671542	0.00186952	0.00017006	0.12126712	4.23516440	0.22131458	0.47386069	0.00744896
0.97112596	464.85318000	17.74105800	1.48664060	0.90930213	1.00399700	0.04077879	0.03784187	0.03800905	-0.54095387	0.00189450	0.00017044	0.11974338	4.25456570	0.22000186	0.47154157	0.00738959
0.97834434	468.30843000	17.76648900	1.48006750	0.90593466	0.99951080	0.04051337	0.03760306	0.03777648	-0.53518012	0.00191159	0.00017085	0.11823908	4.27378650	0.21866971	0.46917268	0.00733066
0.98556285	471.76375000	17.79171800	1.47347740	0.90255395	0.99500894	0.04024926	0.03736537	0.03754545	-0.52939432	0.00191767	0.00017147	0.11675280	4.29282710	0.21731813	0.46675398	0.00727219
0.99278142	475.21909000	17.81674500	1.46686970	0.89916125	0.99049069	0.03998597	0.03712892	0.03731591	-0.52359671	0.00191208	0.00017226	0.11528298	4.31168890	0.21594661	0.46428432	0.00721420
1.00000000	478.67444000	17.84157300	1.46024360	0.89575781	0.98595466	0.03972339	0.03689382	0.03708851	-0.51778764	0.00189507	0.00017315	0.11383039	4.33037470	0.21455414	0.46176216	0.00715656
1.00721860	482.12980000	17.86620200	1.45359930	0.89234475	0.98139810	0.03946267	0.03666015	0.03686292	-0.51196748	0.00186603	0.00017410	0.11239618	4.34888520	0.21313946	0.45918628	0.00709914
1.01443720	485.58514000	17.89063400	1.44693580	0.88892292	0.97681908	0.03920487	0.03642795	0.03663948	-0.50613645	0.00182239	0.00017488	0.11098222	4.36722000	0.21170253	0.45655613	0.00704195
1.02165570	489.04046000	17.91486700	1.44025240	0.88549274	0.97221854	0.03894990	0.03619722	0.03641846	-0.50029469	0.00176106	0.00017531	0.10958892	4.38537930	0.21024392	0.45387183	0.00698501
1.02887400	492.49571000	17.93890400	1.43354990	0.88205428	0.96760052	0.03869678	0.03596799	0.03619969	-0.49444236	0.00168075	0.00017546	0.10821485	4.40336370	0.20876374	0.45113423	0.00692828
1.03609220	495.95086000	17.96274500	1.42682970	0.87860743	0.96296994	0.03844551	0.03574021	0.03598321	-0.48857963	0.00158152	0.00017563	0.10685999	4.42117180	0.20726129	0.44834467	0.00687172
1.04331000	499.40583000	17.98638900	1.42009330	0.87515205	0.95833162	0.03819593	0.03551378	0.03576881	-0.48270671	0.00146232	0.00017615	0.10552355	4.43880110	0.20573532	0.44550460	0.00681521
1.05052730	502.86056000	18.00983600	1.41334070	0.87168801	0.95368945	0.03794689	0.03528868	0.03555617	-0.47682388	0.00132108	0.00017701	0.10420308	4.45624700	0.20418399	0.44261552	0.00675853
1.05774390	506.31497000	18.03308400	1.40657010	0.86821536	0.94904514	0.03769765	0.03506498	0.03534541	-0.47093137	0.00115669	0.00017825	0.10289693	4.47350390	0.20260542	0.43967855	0.00670153
1.06495960	509.76894000	18.05613200	1.39977890	0.86473421	0.94439826	0.03744897	0.03484261	0.03513692	-0.46502916	0.00097023	0.00017989	0.10160648	4.49056690	0.20099839	0.43669414	0.00664434
1.07217420	513.22237000	18.07897900	1.39296530	0.86124462	0.93974829	0.03720120	0.03462147	0.03493049	-0.45911734	0.00076642	0.00018173	0.10033141	4.50743310	0.19936248	0.43366229	0.00658699
1.07938740	516.67515000	18.10162300	1.38612820	0.85774652	0.93509473	0.03695400	0.03440146	0.03472528	-0.45319626	0.00055245	0.00018359	0.09906970	4.52409920	0.19769680	0.43058279	0.00652926
1.08659890	520.12712000	18.12406100	1.37926790	0.85423981	0.93043627	0.03670820	0.03418258	0.03452037	-0.44726618	0.00033444	0.00018559	0.09782177	4.54056040	0.19600073	0.42745567	0.00647094
1.09380850	523.57815000	18.14629100	1.37238460	0.85072454	0.92577139	0.03646490	0.03396491	0.03431580	-0.44132730	0.00011600	0.00018795	0.09658967	4.55681070	0.19427478	0.42428139	0.00641193
1.10101570	527.02809000	18.16830900	1.36547770	0.84720083	0.92109987	0.03622392	0.03374855	0.03411178	-0.43537984	-0.00010033	0.00019073	0.09537336	4.57284390	0.19252029	0.42106091	0.00635220
1.10822040	530.47676000	18.19011200	1.35854620	0.84366886	0.91642322	0.03598488	0.03353359	0.03390883	-0.42942391	-0.00031178	0.00019387	0.09417306	4.58865460	0.19073892	0.41779543	0.00629193
1.11542200	533.92399000	18.21169700	1.35158870	0.84012890	0.91174506	0.03574749	0.03332012	0.03370813	-0.42345945	-0.00051468	0.00019732	0.09299005	4.60423810	0.18893251	0.41448585	0.00623154
1.12262020	537.36961000	18.23306500	1.34460300	0.83658117	0.90707078	0.03551122	0.03310813	0.03351005	-0.41748664	-0.00070383	0.00020106	0.09182346	4.61959170	0.18710204	0.41113220	0.00617122
1.12981470	540.81342000	18.25421300	1.33758780	0.83302586	0.90240548	0.03527556	0.03289761	0.03331429	-0.41150600	-0.00087294	0.00020518	0.09067211	4.63471320	0.18524769	0.40773378	0.00611077
1.13700500	544.25522000	18.27514100	1.33054280	0.82946316	0.89775224	0.03504024	0.03268849	0.03312042	-0.40551814	-0.00101678	0.00020995	0.08953542	4.64959940	0.18336925	0.40428998	0.00604980
1.14419060	547.69482000	18.29584400	1.32346950	0.82589356	0.89311160	0.03480586	0.03248073	0.03292777	-0.39952362	-0.00113342	0.00021572	0.08841334	4.66424460	0.18146667	0.40080073	0.00598792
1.15137130	551.13200000	18.31631700	1.31636910	0.82231785	0.88848325	0.03457345	0.03227430	0.03273655	-0.39352276	-0.00122453	0.00022260	0.08730748	4.67864080	0.17954107	0.39726655	0.00592493
1.15854640	554.56654000	18.33655700	1.30924190	0.81873707	0.88386805	0.03434319	0.03206919	0.03254775	-0.38751572	-0.00129429	0.00023060	0.08621883	4.69278010	0.17759404	0.39368827	0.00586089
1.16571550	557.99823000	18.35655900	1.30208850	0.81515223	0.87926809	0.03411467	0.03186541	0.03236173	-0.38150251	-0.00134669	0.00023949	0.08514655	4.70665630	0.17562679	0.39006660	0.00579602
1.17287830	561.42685000	18.37631900	1.29491030	0.81156421	0.87468473	0.03388758	0.03166297	0.03217867	-0.37548324	-0.00138406	0.00024892	0.08409040	4.72026480	0.17363980	0.38640198	0.00573051
1.18003410	564.85217000	18.39583500	1.28770970	0.80797376	0.87011759	0.03366203	0.03146190	0.03199873	-0.36945813	-0.00140834	0.00025864	0.08305070	4.73360180	0.17163341	0.38269466	0.00566440
1.18718260	568.27396000	18.41510300	1.28048920	0.80438151	0.86556546	0.03343862	0.03126234	0.03182149	-0.36342758	-0.00142244	0.00026836	0.08202776	4.74666340	0.16960853	0.37894483	0.00559755
1.19432320	571.69200000	18.43412000	1.27325120	0.80078796	0.86102825	0.03321780	0.03106444	0.03164630	-0.35739204	-0.00143014	0.00027771	0.08102193	4.75944400	0.16756690	0.37515287	0.00552976
1.20145550	575.10605000	18.45288200	1.26599660	0.79719363	0.85650859	0.03299900	0.03086833	0.03147297	-0.35135172	-0.00143445	0.00028659	0.08003232	4.77193730	0.16551033	0.37131938	0.00546110
1.20857900	578.51588000	18.47138500	1.25872450	0.79359913	0.85201108	0.03278149	0.03067411	0.03130192	-0.34530686	-0.00143702	0.00029516	0.07905828	4.78413850	0.16343960	0.36744487	0.00539167
1.21569320	581.92126000	18.48962700	1.25143380	0.79000521	0.84753985	0.03256523	0.03048186	0.03113367	-0.33925789	-0.00143852	0.00030353	0.07810033	4.79604340	0.16135466	0.36352967	0.00532140
1.22279760	585.32195000	18.50760200	1.24412340	0.78641265	0.84309751	0.03235035	0.03029167	0.03096848	-0.33320535	-0.00143822	0.00031158	0.07715873	4.80764690	0.15925497	0.35957392	0.00525007
1.22989170	588.71773000	18.52530700	1.23679300	0.78282219	0.83868574	0.03213715	0.03010362	0.03080630	-0.32714970	-0.00143456	0.00031907	0.07623380	4.81894290	0.15713990	0.35557760	0.00517745
1.23697510	592.10836000	18.54273700	1.22944250	0.77923449	0.83430573	0.03192591	0.02991777	0.03064675	-0.32109128	-0.00142645	0.00032591	0.07532534	4.82992430	0.15500904	0.35154084	0.00510342
1.24404720	595.49362000	18.55988600	1.22207220	0.77565018	0.82995865	0.03171655	0.02973421	0.03048950	-0.31503017	-0.00141358	0.00033209	0.07443285	4.84058360	0.15286219	0.34746399	0.00502807
1.25110770	598.87327000	18.57675000	1.21468250	0.77206988	0.82564505	0.03150931	0.02955305	0.03033477	-0.30896640	-0.00139599	0.00033756	0.07355692	4.85091460	0.15069895	0.34334776	0.00495157
1.25815590	602.24710000	18.59332600	1.20727450	0.76849416	0.82136503	0.03130482	0.02937438	0.03018293	-0.30290011	-0.00137370	0.00034238	0.07269861	4.86091240	0.14851928	0.33919309	0.00487399
1.26519160	605.61488000	18.60960800	1.19984960	0.76492342	0.81711924	0.03110368	0.02919821	0.03003409	-0.29683158	-0.00134593	0.00034672	0.07185860	4.87057210	0.14632346	0.33500104	0.00479531
1.27221410	608.97639000	18.62559400	1.19240960	0.76135781	0.81291016	0.03090621	0.02902458	0.02988836	-0.29076119	-0.00131073	0.00035077	0.07103746	4.87988850	0.14411221	0.33077292	0.00471539
1.27922310	612.33141000	18.64127800	1.18495620	0.75779727	0.80874189	0.03071159	0.02885352	0.02974562	-0.28468939	-0.00126592	0.00035478	0.07023413	4.88885630	0.14188605	0.32651039	0.00463401
1.28621810	615.67973000	18.65665500	1.17749140	0.75424166	0.80461866	0.03051878	0.02868502	0.02960574	-0.27861657	-0.00121102	0.00035886	0.06944758	4.89746840	0.13964497	0.32221547	0.00455086
1.29319870	619.02114000	18.67172000	1.17001730	0.75069110	0.80054361	0.03032782	0.02851905	0.02946907	-0.27254294	-0.00114788	0.00036296	0.06867852	4.90571700	0.13738871	0.31789025	0.00446581
1.30016430	622.35544000	18.68646600	1.16253560	0.74714603	0.79651811	0.03013933	0.02835563	0.02933632	-0.26646846	-0.00107823	0.00036690	0.06792829	4.91359410	0.13511697	0.31353671	0.00437902
1.30711470	625.68241000	18.70088900	1.15504780	0.74360705	0.79254211	0.02995364	0.02819483	0.02920765	-0.26039310	-0.00100096	0.00037066	0.06719713	4.92109310	0.13282999	0.30915654	0.00429066
1.31404940	629.00186000	18.71498200	1.14755490	0.74007489	0.78861518	0.02977088	0.02803680	0.02908300	-0.25431706	-0.00091322	0.00037448	0.06648496	4.92820850	0.13052872	0.30475114	0.00420069
1.32096800	632.31360000	18.72874300	1.14005850	0.73655024	0.78473782	0.02959138	0.02788170	0.02896199	-0.24824063	-0.00081340	0.00037852	0.06579147	4.93493560	0.12821466	0.30032159	0.00410896
1.32787000	635.61743000	18.74216400	1.13256130	0.73303379	0.78091232	0.02941521	0.02772965	0.02884428	-0.24216396	-0.00070255	0.00038273	0.06511614	4.94126960	0.12588932	0.29586876	0.00401537
1.33475510	638.91316000	18.75524100	1.12506670	0.72952612	0.77714234	0.02924246	0.02758071	0.02872974	-0.23608723	-0.00058322	0.00038689	0.06445900	4.94720630	0.12355379	0.29139357	0.00391984
1.34162290	642.20061000	18.76796700	1.11757890	0.72602787	0.77343166	0.02907327	0.02743496	0.02861821	-0.23001071	-0.00045863	0.00039084	0.06382031	4.95274060	0.12120886	0.28689702	0.00382211
1.34847310	645.47960000	18.78033600	1.11010240	0.72253974	0.76978371	0.02890788	0.02729252	0.02851001	-0.22393472	-0.00033278	0.00039449	0.06320108	4.95786640	0.11885540	0.28238009	0.00372186
1.35530520	648.74995000	18.79234000	1.10264180	0.71906261	0.76620178	0.02874645	0.02715356	0.02840548	-0.21785948	-0.00021051	0.00039777	0.06260212	4.96257590	0.11649447	0.27784356	0.00361883
1.36211890	652.01149000	18.80397100	1.09520270	0.71559756	0.76268956	0.02858891	0.02701825	0.02830425	-0.21178508	-0.00009718	0.00040057	0.06202299	4.96686040	0.11412744	0.27328807	0.00351286
1.36891380	655.26405000	18.81522100	1.08779000	0.71214588	0.75925083	0.02843501	0.02688673	0.02820608	-0.20571151	0.00000285	0.00040279	0.06146295	4.97071070	0.11175557	0.26871422	0.00340394
1.37568960	658.50747000	18.82608100	1.08040810	0.70870914	0.75588837	0.02828490	0.02675912	0.02811151	-0.19963863	0.00008738	0.00040450	0.06092282	4.97411800	0.10937964	0.26412265	0.00329212
1.38244600	661.74159000	18.83654300	1.07306100	0.70528908	0.75260350	0.02813901	0.02663554	0.02802132	-0.19356630	0.00015636	0.00040576	0.06040381	4.97707440	0.10700024	0.25951400	0.00317750
1.38918270	664.96624000	18.84660100	1.06575290	0.70188752	0.74939710	0.02799744	0.02651620	0.02793644	-0.18749434	0.00021106	0.00040660	0.05990699	4.97957310	0.10461826	0.25488891	0.00306017
1.39589920	668.18128000	18.85624800	1.05848830	0.69850617	0.74627040	0.02786031	0.02640132	0.02785774	-0.18142268	0.00025334	0.00040706	0.05943344	4.98160790	0.10223449	0.25024801	0.00294016
1.40259540	671.38655000	18.86547600	1.05127370	0.69514658	0.74322458	0.02772796	0.02629115	0.02778511	-0.17535139	0.00028541	0.00040721	0.05898362	4.98317310	0.09984941	0.24559214	0.00281734
1.40927080	674.58191000	18.87427800	1.04411690	0.69181009	0.74026037	0.02760049	0.02618592	0.02771800	-0.16928055	0.00030973	0.00040712	0.05855742	4.98426200	0.09746340	0.24092238	0.00269152
1.41592520	677.76722000	18.88264700	1.03702680	0.68849798	0.73737800	0.02747793	0.02608588	0.02765562	-0.16321020	0.00032880	0.00040679	0.05815422	4.98486780	0.09507693	0.23624007	0.00256256
1.42255830	680.94232000	18.89057500	1.03001290	0.68521156	0.73457775	0.02736078	0.02599123	0.02759774	-0.15714027	0.00034529	0.00040612	0.05777429	4.98498330	0.09269075	0.23154654	0.00243040
1.42916990	684.10709000	18.89805300	1.02308500	0.68195213	0.73186057	0.02724961	0.02590216	0.02754477	-0.15107071	0.00036140	0.00040502	0.05741878	4.98460160	0.09030575	0.22684306	0.00229500
1.43575950	687.26140000	18.90507400	1.01625310	0.67872091	0.72922831	0.02714484	0.02581886	0.02749702	-0.14500145	0.00037773	0.00040356	0.05708888	4.98371590	0.08792281	0.22213087	0.00215624
1.44232710	690.40511000	18.91163100	1.00952710	0.67551906	0.72668376	0.02704652	0.02574156	0.02745474	-0.13893242	0.00039310	0.00040193	0.05678545	4.98231880	0.08554283	0.21741139	0.00201409
1.44887220	693.53808000	18.91771400	1.00291580	0.67234779	0.72423028	0.02695446	0.02567052	0.02741817	-0.13286347	0.00040580	0.00040033	0.05650906	4.98040300	0.08316674	0.21268615	0.00186848
1.45539460	696.66021000	18.92331600	0.99642748	0.66920840	0.72187159	0.02686890	0.02560601	0.02738730	-0.12679445	0.00041454	0.00039886	0.05626026	4.97796170	0.08079549	0.20795672	0.00171933
1.46189410	699.77136000	18.92842800	0.99006976	0.66610234	0.71961174	0.02679040	0.02554829	0.02736226	-0.12072525	0.00041873	0.00039761	0.05604000	4.97498840	0.07843012	0.20322462	0.00156654
1.46837050	702.87142000	18.93304300	0.98385050	0.66303117	0.71745490	0.02671938	0.02549759	0.02734321	-0.11465573	0.00041848	0.00039670	0.05584919	4.97147690	0.07607150	0.19849127	0.00141003
1.47482340	705.96026000	18.93715200	0.97777775	0.65999650	0.71540485	0.02665638	0.02545416	0.02733031	-0.10858578	0.00041406	0.00039619	0.05568895	4.96742100	0.07372028	0.19375790	0.00124967
1.48125260	709.03776000	18.94074600	0.97185985	0.65700001	0.71346489	0.02660205	0.02541819	0.02732374	-0.10251524	0.00040542	0.00039608	0.05556069	4.96281460	0.07137709	0.18902567	0.00108540
1.48765790	712.10383000	18.94381700	0.96610523	0.65404346	0.71163825	0.02655666	0.02538994	0.02732379	-0.09644390	0.00039216	0.00039619	0.05546543	4.95765150	0.06904268	0.18429569	0.00091718
1.49403910	715.15833000	18.94635700	0.96052228	0.65112872	0.70992797	0.02652010	0.02536962	0.02733088	-0.09037163	0.00037423	0.00039627	0.05540369	4.95192580	0.06671768	0.17956905	0.00074494
1.50039590	718.20116000	18.94835700	0.95511952	0.64825767	0.70833620	0.02649252	0.02535752	0.02734535	-0.08429836	0.00035245	0.00039607	0.05537627	4.94563150	0.06440263	0.17484680	0.00056852
1.50672810	721.23222000	18.94980700	0.94990555	0.64543224	0.70686374	0.02647439	0.02535397	0.02736732	-0.07822404	0.00032833	0.00039541	0.05538426	4.93876250	0.06209833	0.17012996	0.00038771
1.51303540	724.25140000	18.95069900	0.94488999	0.64265427	0.70551095	0.02646603	0.02535935	0.02739662	-0.07214855	0.00030343	0.00039414	0.05542839	4.93131310	0.05980574	0.16541961	0.00020237
1.51931780	727.25858000	18.95102300	0.94008359	0.63992559	0.70427779	0.02646773	0.02537397	0.02743310	-0.06607170	0.00027877	0.00039217	0.05550948	4.92327730	0.05752576	0.16071696	0.00001244
1.52557480	730.25368000	18.95077100	0.93549731	0.63724805	0.70316357	0.02648025	0.02539811	0.02747702	-0.05999318	0.00025468	0.00038959	0.05562947	4.91464960	0.05525928	0.15602346	-0.00018204
1.53180640	733.23657000	18.94993200	0.93114223	0.63462348	0.70216798	0.02650435	0.02543204	0.02752897	-0.05391263	0.00023115	0.00038652	0.05579070	4.90542500	0.05300755	0.15134074	-0.00038096
1.53801230	736.20717000	18.94850000	0.92702925	0.63205375	0.70129166	0.02654032	0.02547606	0.02758923	-0.04782970	0.00020791	0.00038312	0.05599465	4.89559930	0.05077205	0.14667055	-0.00058421
1.54419230	739.16537000	18.94646600	0.92316924	0.62954076	0.70053643	0.02658832	0.02553050	0.02765767	-0.04174417	0.00018428	0.00037958	0.05624211	4.88516950	0.04855428	0.14201474	-0.00079173
1.55034610	742.11108000	18.94382300	0.91957260	0.62708646	0.69990501	0.02664839	0.02559565	0.02773435	-0.03565586	0.00015918	0.00037598	0.05653402	4.87413270	0.04635575	0.13737517	-0.00100356
1.55647370	745.04418000	18.94056400	0.91624945	0.62469287	0.69940060	0.02672053	0.02567178	0.02781967	-0.02956461	0.00013126	0.00037235	0.05687169	4.86248620	0.04417777	0.13275360	-0.00121971
1.56257470	747.96459000	18.93668100	0.91320918	0.62236213	0.69902635	0.02680496	0.02575914	0.02791404	-0.02347020	0.00009905	0.00036875	0.05725670	4.85022750	0.04202156	0.12815171	-0.00144011
1.56864900	750.87220000	18.93216900	0.91046028	0.62009641	0.69878528	0.02690211	0.02585795	0.02801778	-0.01737248	0.00006138	0.00036522	0.05769084	4.83735450	0.03988838	0.12357113	-0.00166472
1.57469640	753.76692000	18.92702000	0.90801073	0.61789795	0.69868037	0.02701249	0.02596848	0.02813137	-0.01127138	0.00001769	0.00036181	0.05817617	4.82386570	0.03777955	0.11901350	-0.00189353
1.58071660	756.64865000	18.92122900	0.90586820	0.61576897	0.69871443	0.02713652	0.02609099	0.02825541	-0.00516689	-0.00003188	0.00035857	0.05871501	4.80975980	0.03569628	0.11448048	-0.00212664
1.58670950	759.51730000	18.91478900	0.90404069	0.61371162	0.69888999	0.02727453	0.02622578	0.02839008	0.00094105	-0.00008639	0.00035555	0.05930918	4.79503550	0.03363970	0.10997379	-0.00236409
1.59267490	762.37277000	18.90769400	0.90253627	0.61172798	0.69920894	0.02742682	0.02637320	0.02853510	0.00705250	-0.00014441	0.00035279	0.05996012	4.77969180	0.03161082	0.10549522	-0.00260590
1.59861250	765.21496000	18.89993900	0.90136252	0.60982008	0.69967202	0.02759384	0.02653359	0.02869044	0.01316756	-0.00020469	0.00035032	0.06067006	4.76372720	0.02961052	0.10104662	-0.00285214
1.60452220	768.04378000	18.89151800	0.90052593	0.60798998	0.70027919	0.02777604	0.02670726	0.02885652	0.01928633	-0.00026619	0.00034816	0.06144202	4.74714010	0.02763979	0.09663002	-0.00310282
1.61040380	770.85913000	18.88242500	0.90003200	0.60623983	0.70103009	0.02797372	0.02689447	0.02903398	0.02540889	-0.00032800	0.00034622	0.06227895	4.72992900	0.02569977	0.09224761	-0.00335803
1.61625700	773.66091000	18.87265300	0.89988508	0.60457184	0.70192451	0.02818713	0.02709550	0.02922337	0.03153519	-0.00038926	0.00034441	0.06318343	4.71209240	0.02379169	0.08790154	-0.00361791
1.62208160	776.44902000	18.86219900	0.90008908	0.60298831	0.70296250	0.02841669	0.02731065	0.02942516	0.03766506	-0.00044926	0.00034277	0.06415817	4.69362860	0.02191684	0.08359381	-0.00388279
1.62787750	779.22338000	18.85105300	0.90064742	0.60149142	0.70414451	0.02866283	0.02754030	0.02963981	0.04379830	-0.00050767	0.00034136	0.06520626	4.67453510	0.02007635	0.07932620	-0.00415301
1.63364450	781.98387000	18.83921000	0.90156275	0.60008323	0.70547092	0.02892601	0.02778487	0.02986792	0.04993485	-0.00056471	0.00034026	0.06633148	4.65480870	0.01827111	0.07510035	-0.00442884
1.63938230	784.73041000	18.82666100	0.90283683	0.59876562	0.70694184	0.02920667	0.02804472	0.03011016	0.05607476	-0.00062116	0.00033953	0.06753802	4.63444530	0.01650192	0.07091778	-0.00471045
1.64509070	787.46289000	18.81339800	0.90447089	0.59754034	0.70855723	0.02950496	0.02832018	0.03036685	0.06221816	-0.00067797	0.00033926	0.06882932	4.61344140	0.01476971	0.06677997	-0.00499796
1.65076960	790.18121000	18.79941500	0.90646606	0.59640905	0.71031700	0.02982101	0.02861152	0.03063824	0.06836525	-0.00073584	0.00033948	0.07020880	4.59179360	0.01307548	0.06268847	-0.00529137
1.65641870	792.88528000	18.78470400	0.90882347	0.59537340	0.71222115	0.03015500	0.02891901	0.03092474	0.07451622	-0.00079502	0.00034011	0.07168030	4.56949880	0.01142019	0.05864496	-0.00559067
1.66203770	795.57499000	18.76925800	0.91154400	0.59443505	0.71426948	0.03050704	0.02924290	0.03122661	0.08067122	-0.00085542	0.00034096	0.07324746	4.54655410	0.00980487	0.05465135	-0.00589586
1.66762660	798.25023000	18.75307000	0.91462760	0.59359575	0.71646153	0.03087732	0.02958348	0.03154397	0.08683021	-0.00091681	0.00034190	0.07491389	4.52295610	0.00823060	0.05070973	-0.00620712
1.67318500	800.91091000	18.73613500	0.91807310	0.59285731	0.71879672	0.03126607	0.02994108	0.03187743	0.09299309	-0.00097847	0.00034289	0.07668396	4.49870110	0.00669842	0.04682230	-0.00652471
1.67871280	803.55691000	18.71844300	0.92187827	0.59222152	0.72127414	0.03167363	0.03031609	0.03222810	0.09915981	-0.00103885	0.00034390	0.07856303	4.47378510	0.00520940	0.04299127	-0.00684885
1.68420970	806.18814000	18.69998900	0.92604037	0.59169004	0.72389237	0.03210058	0.03070887	0.03259701	0.10533039	-0.00109576	0.00034491	0.08055691	4.44820380	0.00376461	0.03921887	-0.00717971
1.68967550	808.80448000	18.68076400	0.93055683	0.59126419	0.72664949	0.03254784	0.03111977	0.03298481	0.11150479	-0.00114702	0.00034596	0.08267173	4.42195290	0.00236531	0.03550747	-0.00751750
1.69511000	811.40582000	18.66076200	0.93542543	0.59094485	0.72954356	0.03301603	0.03154912	0.03339172	0.11768289	-0.00119092	0.00034714	0.08491324	4.39502790	0.00101297	0.03185980	-0.00786253
1.70051290	813.99206000	18.63997400	0.94064403	0.59073245	0.73257290	0.03350548	0.03199728	0.03381777	0.12386453	-0.00122644	0.00034842	0.08728695	4.36742320	-0.00029094	0.02827896	-0.00821514
1.70588400	816.56308000	18.61839100	0.94621009	0.59062703	0.73573620	0.03401657	0.03246461	0.03426349	0.13004958	-0.00125336	0.00034960	0.08979950	4.33913280	-0.00154498	0.02476843	-0.00857570
1.71122310	819.11876000	18.59600500	0.95212068	0.59062825	0.73903238	0.03454948	0.03295149	0.03473002	0.13623792	-0.00127166	0.00035049	0.09245843	4.31015010	-0.00274775	0.02133185	-0.00894459
1.71652990	821.65899000	18.57280700	0.95837336	0.59073540	0.74246062	0.03510430	0.03345835	0.03521841	0.14242948	-0.00128088	0.00035101	0.09527151	4.28046780	-0.00389803	0.01797301	-0.00932220
1.72180420	824.18365000	18.54878600	0.96496600	0.59094742	0.74601985	0.03568111	0.03398565	0.03572942	0.14862424	-0.00128026	0.00035117	0.09824639	4.25007770	-0.00499498	0.01469586	-0.00970884
1.72704570	826.69262000	18.52393200	0.97189676	0.59126291	0.74970761	0.03628022	0.03453382	0.03626341	0.15482228	-0.00126944	0.00035100	0.10139055	4.21897100	-0.00603809	0.01150435	-0.01010475
1.73225410	829.18578000	18.49823700	0.97916380	0.59168010	0.75352009	0.03690236	0.03510330	0.03682075	0.16102367	-0.00124889	0.00035051	0.10471264	4.18713870	-0.00702661	0.00840255	-0.01051022
1.73742930	831.66301000	18.47168900	0.98676559	0.59219687	0.75745276	0.03754846	0.03569455	0.03740198	0.16722841	-0.00121972	0.00034970	0.10822258	4.15457140	-0.00795925	0.00539456	-0.01092551
1.74257090	834.12416000	18.44427900	0.99470063	0.59281073	0.76150168	0.03821935	0.03630810	0.03800780	0.17343648	-0.00118315	0.00034859	0.11193100	4.12125940	-0.00883402	0.00248460	-0.01135091
1.74767870	836.56912000	18.41599600	1.00296770	0.59351879	0.76566412	0.03891519	0.03694452	0.03863894	0.17964785	-0.00114036	0.00034721	0.11584788	4.08719230	-0.00964870	-0.00032316	-0.01178672
1.75275230	838.99775000	18.38683100	1.01156600	0.59431780	0.76993839	0.03963545	0.03760444	0.03929611	0.18586242	-0.00109278	0.00034553	0.11998224	4.05235940	-0.01040126	-0.00302455	-0.01223328
1.75779160	841.40992000	18.35677300	1.02049460	0.59520412	0.77432251	0.04037987	0.03828852	0.03998046	0.19208002	-0.00104226	0.00034337	0.12434506	4.01674920	-0.01109004	-0.00561540	-0.01269103
1.76279620	843.80549000	18.32581200	1.02975380	0.59617373	0.77881344	0.04114868	0.03899741	0.04069299	0.19830038	-0.00099084	0.00034058	0.12894877	3.98034980	-0.01171354	-0.00809129	-0.01316055
1.76776580	846.18432000	18.29393500	1.03934430	0.59722224	0.78340668	0.04194272	0.03973173	0.04143414	0.20452329	-0.00094008	0.00033716	0.13380623	3.94314810	-0.01227010	-0.01044745	-0.01364238
1.77270010	848.54626000	18.26113200	1.04926700	0.59834488	0.78809703	0.04276332	0.04049202	0.04220514	0.21074845	-0.00089088	0.00033330	0.13893266	3.90512920	-0.01275764	-0.01267888	-0.01413718
1.77759890	850.89116000	18.22738800	1.05952340	0.59953636	0.79287963	0.04361180	0.04127890	0.04300848	0.21697532	-0.00084438	0.00032923	0.14434649	3.86627720	-0.01317366	-0.01478063	-0.01464587
1.78246170	853.21888000	18.19269100	1.07011670	0.60079060	0.79775013	0.04448839	0.04209309	0.04384661	0.22320316	-0.00080214	0.00032513	0.15006604	3.82657570	-0.01351551	-0.01674771	-0.01516966
1.78728840	855.52927000	18.15702300	1.08105320	0.60210067	0.80270430	0.04539219	0.04293551	0.04472051	0.22943124	-0.00076535	0.00032110	0.15610647	3.78600690	-0.01378115	-0.01857469	-0.01570977
1.79207850	857.82216000	18.12036800	1.09234170	0.60345903	0.80773635	0.04632275	0.04380715	0.04563112	0.23565900	-0.00073397	0.00031721	0.16248429	3.74455060	-0.01396922	-0.02025551	-0.01626741
1.79683170	860.09740000	18.08270400	1.10399190	0.60485760	0.81283809	0.04728117	0.04470905	0.04658045	0.24188592	-0.00070634	0.00031354	0.16922187	3.70218460	-0.01407849	-0.02178362	-0.01684383
1.80154760	862.35481000	18.04401200	1.11601430	0.60628767	0.81799969	0.04826931	0.04564234	0.04757062	0.24811151	-0.00068008	0.00031011	0.17634458	3.65888530	-0.01410725	-0.02315230	-0.01744034
1.80622600	864.59423000	18.00426900	1.12842080	0.60773975	0.82321089	0.04928822	0.04660823	0.04860345	0.25433524	-0.00065340	0.00030682	0.18387770	3.61462750	-0.01405350	-0.02435468	-0.01805841
1.81086640	866.81549000	17.96345000	1.14122490	0.60920345	0.82846146	0.05033865	0.04760801	0.04968069	0.26055632	-0.00062528	0.00030349	0.19184708	3.56938540	-0.01391551	-0.02538369	-0.01869978
1.81546860	869.01841000	17.92152700	1.15444160	0.61066749	0.83374058	0.05142133	0.04864300	0.05080412	0.26677379	-0.00059465	0.00030001	0.20027965	3.52313080	-0.01369181	-0.02623229	-0.01936656
1.82003200	871.20281000	17.87847100	1.16808710	0.61211954	0.83903692	0.05253695	0.04971459	0.05197636	0.27298650	-0.00055975	0.00029645	0.20920640	3.47583400	-0.01338087	-0.02689356	-0.02006114
1.82455640	873.36850000	17.83424600	1.18217850	0.61354620	0.84433939	0.05368564	0.05082423	0.05320057	0.27919320	-0.00051878	0.00029293	0.21866158	3.42746330	-0.01298095	-0.02736049	-0.02078626
1.82904120	875.51529000	17.78881500	1.19673420	0.61493307	0.84963700	0.05486698	0.05197353	0.05447975	0.28539241	-0.00047110	0.00028954	0.22868007	3.37798500	-0.01249034	-0.02762557	-0.02154508
1.83348620	877.64298000	17.74213500	1.21177310	0.61626492	0.85491854	0.05608083	0.05316424	0.05581756	0.29158240	-0.00041793	0.00028641	0.23930014	3.32736450	-0.01190765	-0.02768076	-0.02234130
1.83789090	879.75138000	17.69415700	1.22731600	0.61752557	0.86017203	0.05732808	0.05439827	0.05721818	0.29776123	-0.00036304	0.00028352	0.25056643	3.27556580	-0.01123149	-0.02751773	-0.02317914
1.84225480	881.84028000	17.64482400	1.24338600	0.61869769	0.86538500	0.05860964	0.05567773	0.05868509	0.30392698	-0.00031249	0.00028059	0.26252639	3.22255240	-0.01046014	-0.02712810	-0.02406311
1.84657750	883.90947000	17.59407700	1.26000870	0.61976274	0.87054536	0.05992509	0.05700499	0.06022108	0.31007777	-0.00027252	0.00027713	0.27522642	3.16828550	-0.00959199	-0.02650349	-0.02499803
1.85085860	885.95872000	17.54184600	1.27721130	0.62070114	0.87564096	0.06127372	0.05838260	0.06182898	0.31621129	-0.00024659	0.00027287	0.28871524	3.11272440	-0.00862656	-0.02563582	-0.02598948
1.85509760	887.98782000	17.48805300	1.29502170	0.62149237	0.88065874	0.06265561	0.05981328	0.06351224	0.32232450	-0.00023472	0.00026795	0.30304929	3.05582660	-0.00756469	-0.02451755	-0.02704421
1.85929400	889.99653000	17.43261300	1.31346830	0.62211503	0.88558377	0.06407129	0.06129988	0.06527658	0.32841368	-0.00023497	0.00026274	0.31829659	2.99754880	-0.00640814	-0.02314180	-0.02817013
1.86344730	891.98462000	17.37542600	1.33257990	0.62254671	0.89039998	0.06552178	0.06284552	0.06712964	0.33447466	-0.00024510	0.00025748	0.33453705	2.93784790	-0.00515929	-0.02150259	-0.02937624
1.86755710	893.95185000	17.31637900	1.35238800	0.62276357	0.89509069	0.06700835	0.06445356	0.06907986	0.34050289	-0.00026362	0.00025214	0.35186025	2.87668190	-0.00382084	-0.01959523	-0.03067263
1.87162270	895.89797000	17.25534600	1.37292650	0.62273989	0.89963913	0.06853108	0.06612776	0.07113519	0.34649332	-0.00028905	0.00024650	0.37035943	2.81401080	-0.00239602	-0.01741643	-0.03207069
1.87564370	897.82272000	17.19218400	1.39423300	0.62244775	0.90402894	0.07008878	0.06787215	0.07330170	0.35244039	-0.00031951	0.00024042	0.39012765	2.74979710	-0.00088938	-0.01496460	-0.03358317
1.87961950	899.72583000	17.12673400	1.41634780	0.62185709	0.90824320	0.07168028	0.06969099	0.07558484	0.35833784	-0.00035328	0.00023398	0.41126454	2.68400540	0.00069303	-0.01224029	-0.03522452
1.88354960	901.60705000	17.05881600	1.43931240	0.62093596	0.91226424	0.07330505	0.07158877	0.07799114	0.36417823	-0.00038952	0.00022738	0.43388347	2.61660390	0.00234375	-0.00924701	-0.03701142
1.88743330	903.46607000	16.98822800	1.46316870	0.61965054	0.91607389	0.07496264	0.07357017	0.08052903	0.36995275	-0.00042751	0.00022082	0.45811426	2.54756680	0.00405366	-0.00599200	-0.03896317
1.89127000	905.30263000	16.91474100	1.48795910	0.61796515	0.91965363	0.07665210	0.07564000	0.08320766	0.37565138	-0.00046557	0.00021433	0.48409897	2.47687550	0.00581177	-0.00248678	-0.04110159
1.89505920	907.11641000	16.83809900	1.51372610	0.61584224	0.92298449	0.07837160	0.07780320	0.08603450	0.38126314	-0.00050083	0.00020787	0.51198278	2.40452050	0.00760532	0.00125223	-0.04345099
1.89880020	908.90712000	16.75801600	1.54051090	0.61324254	0.92604771	0.08011838	0.08006480	0.08901629	0.38677548	-0.00052942	0.00020147	0.54191621	2.33050140	0.00941952	0.00520286	-0.04603883
1.90249230	910.67444000	16.67417400	1.56835080	0.61012538	0.92882350	0.08188911	0.08243004	0.09216185	0.39217355	-0.00054706	0.00019524	0.57406857	2.25483050	0.01123727	0.00933630	-0.04889672
1.90613490	912.41805000	16.58621200	1.59727910	0.60644881	0.93129026	0.08368136	0.08490430	0.09548129	0.39743953	-0.00055071	0.00018942	0.60863202	2.17753790	0.01303969	0.01361621	-0.05206136
1.90972720	914.13760000	16.49372900	1.62732470	0.60216957	0.93342547	0.08549362	0.08749297	0.09898497	0.40255224	-0.00053973	0.00018413	0.64582026	2.09867370	0.01480734	0.01799816	-0.05557512
1.91326860	915.83276000	16.39627300	1.65851140	0.59724311	0.93520679	0.08732314	0.09020143	0.10268442	0.40748678	-0.00051573	0.00017937	0.68586736	2.01831210	0.01652051	0.02242949	-0.05948678
1.91675820	917.50317000	16.29333600	1.69085780	0.59162365	0.93661248	0.08916520	0.09303501	0.10659146	0.41221390	-0.00048225	0.00017498	0.72902198	1.93655600	0.01815855	0.02684948	-0.06385248
1.92019540	919.14845000	16.18434900	1.72437620	0.58526452	0.93761957	0.09101365	0.09599880	0.11071604	0.41669969	-0.00044367	0.00017094	0.77553710	1.85354160	0.01969993	0.03118987	-0.06873638
1.92357930	920.76823000	16.06867400	1.75906990	0.57811861	0.93820173	0.09286216	0.09909741	0.11506502	0.42090511	-0.00040376	0.00016738	0.82566507	1.76944160	0.02112310	0.03537558	-0.07421144
1.92690900	922.36211000	15.94559700	1.79492960	0.57013884	0.93832849	0.09470437	0.10233473	0.11964410	0.42478482	-0.00036510	0.00016452	0.87966709	1.68446990	0.02240797	0.03932574	-0.08036100
1.93018390	923.92970000	15.81432400	1.83192870	0.56127878	0.93796394	0.09653297	0.10571361	0.12445863	0.42828580	-0.00032907	0.00016236	0.93781205	1.59888960	0.02353668	0.04295536	-0.08728056
1.93340290	925.47055000	15.67396600	1.87001900	0.55149333	0.93706539	0.09833942	0.10923562	0.12951199	0.43134539	-0.00029545	0.00016070	1.00036230	1.51301960	0.02449391	0.04617742	-0.09508023
1.93656520	926.98426000	15.52353400	1.90912740	0.54073953	0.93558321	0.10011381	0.11290064	0.13480590	0.43388899	-0.00026229	0.00015931	1.06756800	1.42724190	0.02526764	0.04890554	-0.10388761
1.93966980	928.47035000	15.36192000	1.94914980	0.52897748	0.93345907	0.10184416	0.11670626	0.14034076	0.43582794	-0.00022705	0.00015808	1.13965850	1.34200620	0.02584965	0.05105733	-0.11385061
1.94271570	929.92836000	15.18789300	1.98994580	0.51617131	0.93062523	0.10351670	0.12064705	0.14611442	0.43705713	-0.00018823	0.00015690	1.21682610	1.25783530	0.02623585	0.05255823	-0.12514060
1.94570200	931.35783000	15.00007500	2.03132940	0.50229027	0.92700144	0.10511622	0.12471373	0.15211959	0.43745276	-0.00014637	0.00015564	1.29919380	1.17532520	0.02642670	0.05334587	-0.13795524
1.94862760	932.75823000	14.79693700	2.07305900	0.48731012	0.92249546	0.10662572	0.12889189	0.15834281	0.43686946	-0.00010328	0.00015420	1.38678260	1.09514400	0.02642769	0.05337458	-0.15252214
1.95149140	934.12906000	14.57677800	2.11482360	0.47121459	0.91700223	0.10802582	0.13316047	0.16476316	0.43513759	-0.00006098	0.00015259	1.47946840	1.01802630	0.02624913	0.05262009	-0.16910253
1.95429230	935.46977000	14.33772000	2.15622620	0.45399722	0.91040256	0.10929447	0.13748978	0.17134968	0.43206070	-0.00002148	0.00015097	1.57691840	0.94476133	0.02590612	0.05108379	-0.18799378
1.95702910	936.77982000	14.07769600	2.19676320	0.43566336	0.90256601	0.11040640	0.14183906	0.17805759	0.42741371	0.00001350	0.00014941	1.67850470	0.87616940	0.02541820	0.04879630	-0.20953232
1.95970060	938.05861000	13.79445100	2.23579880	0.41623258	0.89335190	0.11133218	0.14615378	0.18482333	0.42094272	0.00004356	0.00014779	1.78318480	0.81306596	0.02480834	0.04581962	-0.23409353
1.96230560	939.30556000	13.48554900	2.27253250	0.39574131	0.88261221	0.11203771	0.15036236	0.19155908	0.41236743	0.00007014	0.00014574	1.88936200	0.75621089	0.02410110	0.04224744	-0.26208945
1.96484280	940.52002000	13.14839900	2.30595930	0.37424560	0.87019245	0.11248398	0.15437249	0.19814611	0.40138798	0.00009558	0.00014281	1.99472080	0.70624244	0.02332092	0.03820294	-0.29395941
1.96731070	941.70136000	12.78030200	2.33482350	0.35182379	0.85593679	0.11262732	0.15806722	0.20443150	0.38769818	0.00012155	0.00013847	2.09609470	0.66360177	0.02249053	0.03383398	-0.33015562
1.96970800	942.84890000	12.37852600	2.35756900	0.32857905	0.83969009	0.11241978	0.16130141	0.21023113	0.37100769	0.00014836	0.00013228	2.18941930	0.62846469	0.02162972	0.02930522	-0.37111549
1.97203330	943.96194000	11.94043000	2.37229110	0.30464147	0.82130183	0.11181036	0.16389953	0.21534775	0.35107538	0.00017516	0.00012402	2.26991440	0.60071608	0.02075423	0.02478759	-0.41722209
1.97428490	945.03973000	11.46363000	2.37670730	0.28016924	0.80063041	0.11074739	0.16565587	0.21961483	0.32775525	0.00019982	0.00011376	2.33267610	0.58002062	0.01987464	0.02044560	-0.46874937
1.97646130	946.08152000	10.94622600	2.36816390	0.25534841	0.77754474	0.10918262	0.16633879	0.22297593	0.30105512	0.00021872	0.00010190	2.37384730	0.56606400	0.01899579	0.01642412	-0.52579241
1.97856090	947.08652000	10.38708300	2.34370950	0.23039096	0.75192192	0.10707837	0.16570058	0.22560576	0.27120322	0.00022734	0.00008904	2.39245190	0.55903938	0.01811641	0.01283615	-0.58818288
1.98058180	948.05388000	9.78615210	2.30026650	0.20553094	0.72364538	0.10442073	0.16349464	0.22806065	0.23871248	0.00022187	0.00007583	2.39274180	0.56041500	0.01722885	0.00975403	-0.65540885
1.98252230	948.98275000	9.14480990	2.23492720	0.18101897	0.69259855	0.10124313	0.15950073	0.23139112	0.20442320	0.00020101	0.00006286	2.38629940	0.57390123	0.01631862	0.00720559	-0.72655372
1.98438050	949.87222000	8.46615500	2.14537560	0.15711622	0.65865526	0.09766495	0.15355752	0.23707679	0.16949964	0.00016667	0.00005057	2.39249470	0.60634148	0.01536370	0.00517672	-0.80027984
1.98615440	950.72133000	7.75519640	2.03039600	0.13408898	0.62167844	0.09395025	0.14559876	0.24663240	0.13535468	0.00012356	0.00003936	2.43574300	0.66803927	0.01433514	0.00361976	-0.87490128
1.98784190	951.52910000	7.01886050	1.89036170	0.11220464	0.58151957	0.09057650	0.13568540	0.26091349	0.10349184	0.00007790	0.00002948	2.53879240	0.77196314	0.01319934	0.00246604	-0.94853629
1.98944090	952.29450000	6.26577830	1.72755620	0.09172901	0.53803806	0.08827856	0.12402362	0.27952712	0.07528245	0.00003588	0.00002113	2.71397290	0.93155422	0.01192432	0.00163926	-1.01934200
1.99094900	953.01642000	5.50585180	1.54617030	0.07292223	0.49114177	0.08798306	0.11095861	0.30083854	0.05173090	0.00000240	0.00001439	2.95696840	1.15751890	0.01049019	0.00106644	-1.08577320
1.99236400	953.69374000	4.74968060	1.35190230	0.05603023	0.44084793	0.09054960	0.09693987	0.32261903	0.03330242	-0.00001989	0.00000922	3.24784710	1.45471110	0.00890275	0.00068435	-1.14678180
1.99368330	954.32526000	4.00796850	1.15123490	0.04126959	0.38736067	0.09638840	0.08246441	0.34289571	0.01987624	-0.00003084	0.00000550	3.55992600	1.82040420	0.00720522	0.00044149	-1.20190130
1.99490430	954.90971000	3.29103330	0.95060637	0.02880600	0.33114332	0.10524486	0.06801449	0.36051361	0.01083974	-0.00003234	0.00000300	3.87095870	2.24460760	0.00548161	0.00029697	-1.25118610
1.99602420	955.44577000	2.60851360	0.75574252	0.01873011	0.27296536	0.11634383	0.05400972	0.37521189	0.00528257	-0.00002747	0.00000146	4.16943520	2.71197490	0.00384582	0.00021855	-1.29501920
1.99704010	955.93206000	1.96927880	0.57132394	0.01103538	0.21391648	0.12873151	0.04078562	0.38733325	0.00221516	-0.00001954	0.00000061	4.45345640	3.20417440	0.00241806	0.00018119	-1.33390570
1.99794900	956.36711000	1.38148250	0.40098474	0.00560271	0.15538362	0.14155358	0.02859732	0.39744635	0.00074402	-0.00001138	0.00000021	4.72571770	3.70176640	0.00129589	0.00016645	-1.36828600
1.99874750	956.74936000	0.85268674	0.24753160	0.00219593	0.09899754	0.15415714	0.01763824	0.40606285	0.00017030	-0.00000494	0.00000005	4.98848430	4.18528790	0.00053079	0.00016211	-1.39843540
1.99943240	957.07720000	0.38997058	0.11321633	0.00047091	0.04657277	0.16606148	0.00806191	0.41355285	0.00001590	-0.00000115	0.00000000	5.24158340	4.63578510	0.00011796	0.00016136	-1.42446600
2.00000000	957.34889000	0.00000000	0.00000000	0.00000000	0.00000000	0.17685484	0.00000000	0.42001053	0.00000000	0.00000000	0.00000000	5.47859400	5.03514170	0.00000000	0.00016133	-1.44626820