# y, y+, tke, epsilon, grad_u_11, grad_u_12, grad_u_13, grad_u_21, grad_u_22, grad_u_23, grad_u_31, grad_u_32, grad_u_33, uu_11, uu_12, uu_13, uu_21, uu_22, uu_23, uu_31, uu_32, uu_33, u_1, u_2, u_3
0.000000000000000000e+00 0.000000000000000000e+00 3.685478858519595158e-36 2.977802836496329930e-01 0.000000000000000000e+00 9.999999999999998890e-01 0.000000000000000000e+00 0.000000000000000000e+00 0.000000000000000000e+00 0.000000000000000000e+00 0.000000000000000000e+00 0.000000000000000000e+00 0.000000000000000000e+00 0.000000000000000000e+00 0.000000000000000000e+00 0.000000000000000000e+00 0.000000000000000000e+00 0.000000000000000000e+00 0.000000000000000000e+00 0.000000000000000000e+00 0.000000000000000000e+00 7.370957717039190317e-36 0.000000000000000000e+00 0.000000000000000000e+00 0.000000000000000000e+00
1.137017775942882938e-05 5.700667374353907656e-03 4.836093254665478682e-06 2.974755278729299124e-01 0.000000000000000000e+00 9.999999997862073498e-01 0.000000000000000000e+00 0.000000000000000000e+00 0.000000000000000000e+00 0.000000000000000000e+00 0.000000000000000000e+00 0.000000000000000000e+00 0.000000000000000000e+00 6.812340365807908258e-06 -2.075017192118808901e-10 0.000000000000000000e+00 -2.075017192118808901e-10 1.976570809667662893e-13 0.000000000000000000e+00 0.000000000000000000e+00 0.000000000000000000e+00 2.859845945865968193e-06 5.700667374090391884e-03 0.000000000000000000e+00 0.000000000000000000e+00
5.684907886405188293e-05 2.850242942539998880e-02 1.206483191934813937e-04 2.962718249673562121e-01 0.000000000000000000e+00 9.999999739890428341e-01 0.000000000000000000e+00 0.000000000000000000e+00 0.000000000000000000e+00 0.000000000000000000e+00 0.000000000000000000e+00 0.000000000000000000e+00 0.000000000000000000e+00 1.702068037795842080e-04 -2.600000388669794062e-08 0.000000000000000000e+00 -2.600000388669794062e-08 1.226253934021450901e-10 0.000000000000000000e+00 0.000000000000000000e+00 0.000000000000000000e+00 7.108971198198523302e-05 2.850242924016875914e-02 0.000000000000000000e+00 0.000000000000000000e+00
1.591698193881274919e-04 7.980299126064700765e-02 9.415002635591160005e-04 2.936376513418095802e-01 0.000000000000000000e+00 9.999994255115182140e-01 0.000000000000000000e+00 0.000000000000000000e+00 0.000000000000000000e+00 0.000000000000000000e+00 0.000000000000000000e+00 0.000000000000000000e+00 0.000000000000000000e+00 1.332727123892425963e-03 -5.738150493670845703e-07 0.000000000000000000e+00 -5.738150493670845703e-07 7.413167252552352949e-09 0.000000000000000000e+00 0.000000000000000000e+00 0.000000000000000000e+00 5.502659900585536723e-04 7.980297981882719660e-02 0.000000000000000000e+00 0.000000000000000000e+00
3.410564671805226835e-04 1.709955214777642007e-01 4.288545683731916081e-03 2.892312503896913856e-01 0.000000000000000000e+00 9.999942975268873990e-01 0.000000000000000000e+00 0.000000000000000000e+00 0.000000000000000000e+00 0.000000000000000000e+00 0.000000000000000000e+00 0.000000000000000000e+00 0.000000000000000000e+00 6.106706929506328617e-03 -5.698570664304537408e-06 0.000000000000000000e+00 -5.698570664304537408e-06 1.517572019358627895e-07 0.000000000000000000e+00 0.000000000000000000e+00 0.000000000000000000e+00 2.470232680755567959e-03 1.709952785160243904e-01 0.000000000000000000e+00 0.000000000000000000e+00
6.252204245906778368e-04 3.134668385714681205e-01 1.424109298878279035e-02 2.830173708148868150e-01 0.000000000000000000e+00 9.999643876741871606e-01 0.000000000000000000e+00 0.000000000000000000e+00 0.000000000000000000e+00 0.000000000000000000e+00 0.000000000000000000e+00 0.000000000000000000e+00 0.000000000000000000e+00 2.046328960042876136e-02 -3.560035393153442821e-05 0.000000000000000000e+00 -3.560035393153442821e-05 1.637288221796063081e-06 0.000000000000000000e+00 0.000000000000000000e+00 0.000000000000000000e+00 8.017259088915007839e-03 3.134640643037451269e-01 0.000000000000000000e+00 0.000000000000000000e+00
1.034356813211845033e-03 5.185955983518105716e-01 3.834850053097078881e-02 2.752752317984872854e-01 0.000000000000000000e+00 9.998357825396431142e-01 0.000000000000000000e+00 0.000000000000000000e+00 0.000000000000000000e+00 0.000000000000000000e+00 0.000000000000000000e+00 0.000000000000000000e+00 0.000000000000000000e+00 5.580082342109363852e-02 -1.641855545092399990e-04 0.000000000000000000e+00 -1.641855545092399990e-04 1.148854802096127007e-05 0.000000000000000000e+00 0.000000000000000000e+00 0.000000000000000000e+00 2.088468909282696975e-02 5.185745003065568293e-01 0.000000000000000000e+00 0.000000000000000000e+00
1.591140861214257029e-03 7.977504826609802535e-01 8.888136485642859907e-02 2.664714779822803803e-01 0.000000000000000000e+00 9.993894437532079289e-01 0.000000000000000000e+00 0.000000000000000000e+00 0.000000000000000000e+00 0.000000000000000000e+00 0.000000000000000000e+00 0.000000000000000000e+00 0.000000000000000000e+00 1.314417633987542133e-01 -6.104802199126257035e-04 0.000000000000000000e+00 -6.104802199126257035e-04 5.890645929651460024e-05 0.000000000000000000e+00 0.000000000000000000e+00 0.000000000000000000e+00 4.626205985480649763e-02 7.976301630823365851e-01 0.000000000000000000e+00 0.000000000000000000e+00
2.306854116087108785e-03 1.156587722304212029e+00 1.822091173595447033e-01 2.570996603306300865e-01 0.000000000000000000e+00 9.981010875244071823e-01 0.000000000000000000e+00 0.000000000000000000e+00 0.000000000000000000e+00 0.000000000000000000e+00 0.000000000000000000e+00 0.000000000000000000e+00 0.000000000000000000e+00 2.746865866287734881e-01 -1.898752908140793980e-03 0.000000000000000000e+00 -1.898752908140793980e-03 2.327890922453463001e-04 0.000000000000000000e+00 0.000000000000000000e+00 0.000000000000000000e+00 8.949885899807057121e-02 1.156045866259443056e+00 0.000000000000000000e+00 0.000000000000000000e+00
3.181382648813179791e-03 1.595050196676603971e+00 3.365369753221768012e-01 2.471881314525032902e-01 0.000000000000000000e+00 9.949495042117652011e-01 0.000000000000000000e+00 0.000000000000000000e+00 0.000000000000000000e+00 0.000000000000000000e+00 0.000000000000000000e+00 0.000000000000000000e+00 0.000000000000000000e+00 5.181116977893880371e-01 -5.050192673021810380e-03 0.000000000000000000e+00 -5.050192673021810380e-03 7.367313507956807159e-04 0.000000000000000000e+00 0.000000000000000000e+00 0.000000000000000000e+00 1.542255215041699046e-01 1.593058210497710014e+00 0.000000000000000000e+00 0.000000000000000000e+00
4.214587249764312205e-03 2.113068110230344132e+00 5.704077455436434851e-01 2.360739016822746006e-01 0.000000000000000000e+00 9.882464698324000540e-01 0.000000000000000000e+00 0.000000000000000000e+00 0.000000000000000000e+00 0.000000000000000000e+00 0.000000000000000000e+00 0.000000000000000000e+00 0.000000000000000000e+00 8.971166657240601250e-01 -1.175299434121391921e-02 0.000000000000000000e+00 -1.175299434121391921e-02 1.945386926480750095e-03 0.000000000000000000e+00 0.000000000000000000e+00 0.000000000000000000e+00 2.417534384367460987e-01 2.106879044201531048e+00 0.000000000000000000e+00 0.000000000000000000e+00
5.406303450860905357e-03 2.710559003584819937e+00 8.991603943631623075e-01 2.229595594608214937e-01 0.000000000000000000e+00 9.756431836500294441e-01 0.000000000000000000e+00 0.000000000000000000e+00 0.000000000000000000e+00 0.000000000000000000e+00 0.000000000000000000e+00 0.000000000000000000e+00 0.000000000000000000e+00 1.443034910142890981e+00 -2.435593007130204893e-02 0.000000000000000000e+00 -2.435593007130204893e-02 4.434365873319086326e-03 0.000000000000000000e+00 0.000000000000000000e+00 0.000000000000000000e+00 3.508515127101152209e-01 2.693859009447940878e+00 0.000000000000000000e+00 0.000000000000000000e+00
6.756341551752310416e-03 3.387427766652685079e+00 1.329751574268744019e+00 2.078094386859969112e-01 0.000000000000000000e+00 9.544587420427445013e-01 0.000000000000000000e+00 0.000000000000000000e+00 0.000000000000000000e+00 0.000000000000000000e+00 0.000000000000000000e+00 0.000000000000000000e+00 0.000000000000000000e+00 2.172348695641265870e+00 -4.553988370787497714e-02 0.000000000000000000e+00 -4.553988370787497714e-02 8.963558680632964862e-03 0.000000000000000000e+00 0.000000000000000000e+00 0.000000000000000000e+00 4.781908942155895237e-01 3.347489984376931016e+00 0.000000000000000000e+00 0.000000000000000000e+00
8.264486650013891378e-03 4.143566653779762632e+00 1.855487272875258942e+00 1.918593052607366067e-01 0.000000000000000000e+00 9.223411038527602468e-01 0.000000000000000000e+00 0.000000000000000000e+00 0.000000000000000000e+00 0.000000000000000000e+00 0.000000000000000000e+00 0.000000000000000000e+00 0.000000000000000000e+00 3.075313172997648170e+00 -7.765687143509214518e-02 0.000000000000000000e+00 -7.765687143509214518e-02 1.641331528383795091e-02 0.000000000000000000e+00 0.000000000000000000e+00 0.000000000000000000e+00 6.192480574690324424e-01 4.057583857995314069e+00 0.000000000000000000e+00 0.000000000000000000e+00
9.930498675355670102e-03 4.978855300896237956e+00 2.453617784497760912e+00 1.771702078933025115e-01 0.000000000000000000e+00 8.780448396141767864e-01 0.000000000000000000e+00 0.000000000000000000e+00 0.000000000000000000e+00 0.000000000000000000e+00 0.000000000000000000e+00 0.000000000000000000e+00 0.000000000000000000e+00 4.110242798803811937e+00 -1.219522738949165991e-01 0.000000000000000000e+00 -1.219522738949165991e-01 2.769215022065672077e-02 0.000000000000000000e+00 0.000000000000000000e+00 0.000000000000000000e+00 7.693006199710540338e-01 4.810069321208001902e+00 0.000000000000000000e+00 0.000000000000000000e+00
1.175411242783729916e-02 5.893160744676509744e+00 3.088088275970199081e+00 1.655285082053586099e-01 0.000000000000000000e+00 8.219764075182242058e-01 0.000000000000000000e+00 0.000000000000000000e+00 0.000000000000000000e+00 0.000000000000000000e+00 0.000000000000000000e+00 0.000000000000000000e+00 0.000000000000000000e+00 5.208376177768062831e+00 -1.780195633447224091e-01 0.000000000000000000e+00 -1.780195633447224091e-01 4.364162087261679729e-02 0.000000000000000000e+00 0.000000000000000000e+00 0.000000000000000000e+00 9.241587532997188603e-01 5.587707988342272003e+00 0.000000000000000000e+00 0.000000000000000000e+00
1.373503762008342934e-02 6.886337443704698913e+00 3.716981343631517998e+00 1.575722753238583129e-01 0.000000000000000000e+00 7.562468195528191384e-01 0.000000000000000000e+00 0.000000000000000000e+00 0.000000000000000000e+00 0.000000000000000000e+00 0.000000000000000000e+00 0.000000000000000000e+00 0.000000000000000000e+00 6.288550950628435388e+00 -2.437476641463424132e-01 0.000000000000000000e+00 -2.437476641463424132e-01 6.495690880674967471e-02 0.000000000000000000e+00 0.000000000000000000e+00 0.000000000000000000e+00 1.080454827827850961e+00 6.371677517089569420e+00 0.000000000000000000e+00 0.000000000000000000e+00
1.587295892349216073e-02 7.958227301642200935e+00 4.301520976219525672e+00 1.527062280320561904e-01 0.000000000000000000e+00 6.842192357549823356e-01 0.000000000000000000e+00 0.000000000000000000e+00 0.000000000000000000e+00 0.000000000000000000e+00 0.000000000000000000e+00 0.000000000000000000e+00 0.000000000000000000e+00 7.275364209134822069e+00 -3.157734008606042919e-01 0.000000000000000000e+00 -3.157734008606042919e-01 9.212845593368264308e-02 0.000000000000000000e+00 0.000000000000000000e+00 0.000000000000000000e+00 1.235549287370546923e+00 7.143607021801233081e+00 0.000000000000000000e+00 0.000000000000000000e+00
1.816753601842990840e-02 9.108659692393887397e+00 4.813004684035584013e+00 1.496544285458847878e-01 0.000000000000000000e+00 6.097653144983747886e-01 0.000000000000000000e+00 0.000000000000000000e+00 0.000000000000000000e+00 0.000000000000000000e+00 0.000000000000000000e+00 0.000000000000000000e+00 0.000000000000000000e+00 8.113346817138724631e+00 -3.902251829728972110e-01 0.000000000000000000e+00 -3.902251829728972110e-01 1.254012564922472872e-01 0.000000000000000000e+00 0.000000000000000000e+00 0.000000000000000000e+00 1.387261294440194970e+00 7.887489211663753608e+00 0.000000000000000000e+00 0.000000000000000000e+00
2.061840364840438963e-02 1.033745148726882057e+01 5.235687964752406387e+00 1.471316195272288074e-01 0.000000000000000000e+00 5.365227140313701959e-01 0.000000000000000000e+00 0.000000000000000000e+00 0.000000000000000000e+00 0.000000000000000000e+00 0.000000000000000000e+00 0.000000000000000000e+00 0.000000000000000000e+00 8.772990255371988511e+00 -4.634655055808060142e-01 0.000000000000000000e+00 -4.634655055808060142e-01 1.647486661432467081e-01 0.000000000000000000e+00 0.000000000000000000e+00 0.000000000000000000e+00 1.533637007989578027e+00 8.590996829603414042e+00 0.000000000000000000e+00 0.000000000000000000e+00
2.322517167820680947e-02 1.164440708413101078e+01 5.565870039777906619e+00 1.442488350960524912e-01 0.000000000000000000e+00 4.673744744256255190e-01 0.000000000000000000e+00 0.000000000000000000e+00 0.000000000000000000e+00 0.000000000000000000e+00 0.000000000000000000e+00 0.000000000000000000e+00 0.000000000000000000e+00 9.249011558258466437e+00 -5.326115549314783815e-01 0.000000000000000000e+00 -5.326115549314783815e-01 2.098629912987131918e-01 0.000000000000000000e+00 0.000000000000000000e+00 0.000000000000000000e+00 1.672865529998633027e+00 9.246001505262148257e+00 0.000000000000000000e+00 0.000000000000000000e+00
2.598742515601503919e-02 1.302931843853608029e+01 5.808769836770037998e+00 1.405887362453314138e-01 0.000000000000000000e+00 4.042290353383851120e-01 0.000000000000000000e+00 0.000000000000000000e+00 0.000000000000000000e+00 0.000000000000000000e+00 0.000000000000000000e+00 0.000000000000000000e+00 0.000000000000000000e+00 9.554038138786610901e+00 -5.957551401429170834e-01 0.000000000000000000e+00 -5.957551401429170834e-01 2.601683951344023193e-01 0.000000000000000000e+00 0.000000000000000000e+00 0.000000000000000000e+00 1.803333139619063052e+00 9.848371532500470593e+00 0.000000000000000000e+00 0.000000000000000000e+00
2.890472437944613046e-02 1.449196509684803935e+01 5.974893275312794572e+00 1.360852123263752989e-01 0.000000000000000000e+00 3.480558149725994088e-01 0.000000000000000000e+00 0.000000000000000000e+00 0.000000000000000000e+00 0.000000000000000000e+00 0.000000000000000000e+00 0.000000000000000000e+00 0.000000000000000000e+00 9.711187971190838653e+00 -6.519270182323786411e-01 0.000000000000000000e+00 -6.519270182323786411e-01 3.148591066190539745e-01 0.000000000000000000e+00 0.000000000000000000e+00 0.000000000000000000e+00 1.923739472815698903e+00 1.039729435419545034e+01 0.000000000000000000e+00 0.000000000000000000e+00
3.197660496554977083e-02 1.603211423133192071e+01 6.076979442002397036e+00 1.308603495219743951e-01 0.000000000000000000e+00 2.990720821872596136e-01 0.000000000000000000e+00 0.000000000000000000e+00 0.000000000000000000e+00 0.000000000000000000e+00 0.000000000000000000e+00 0.000000000000000000e+00 0.000000000000000000e+00 9.747802378500649567e+00 -7.009099669288023637e-01 0.000000000000000000e+00 -7.009099669288023637e-01 3.729595072865020122e-01 0.000000000000000000e+00 0.000000000000000000e+00 0.000000000000000000e+00 2.033196998217641216e+00 1.089440230263310028e+01 0.000000000000000000e+00 0.000000000000000000e+00
3.520257792472925029e-02 1.764952067721550932e+01 6.127910561243094634e+00 1.251025985310215138e-01 0.000000000000000000e+00 2.569787213674191162e-01 0.000000000000000000e+00 0.000000000000000000e+00 0.000000000000000000e+00 0.000000000000000000e+00 0.000000000000000000e+00 0.000000000000000000e+00 0.000000000000000000e+00 9.691153799645418232e+00 -7.430030168976707872e-01 0.000000000000000000e+00 -7.430030168976707872e-01 4.333968302884810830e-01 0.000000000000000000e+00 0.000000000000000000e+00 0.000000000000000000e+00 2.131270492552288953e+00 1.134291848801561997e+01 0.000000000000000000e+00 0.000000000000000000e+00
3.858212973858087674e-02 1.934392697171572095e+01 6.139518260257123217e+00 1.190008181978911006e-01 0.000000000000000000e+00 2.211761983158259115e-01 0.000000000000000000e+00 0.000000000000000000e+00 0.000000000000000000e+00 0.000000000000000000e+00 0.000000000000000000e+00 0.000000000000000000e+00 0.000000000000000000e+00 9.566008848786646368e+00 -7.788054577882941309e-01 0.000000000000000000e+00 -7.788054577882941309e-01 4.950750332522060870e-01 0.000000000000000000e+00 0.000000000000000000e+00 0.000000000000000000e+00 2.217952638475392924e+00 1.174694538680886069e+01 0.000000000000000000e+00 0.000000000000000000e+00
4.211472244163649847e-02 2.111506339502187046e+01 6.122039151457327577e+00 1.127192175006433011e-01 0.000000000000000000e+00 1.909300077569761889e-01 0.000000000000000000e+00 0.000000000000000000e+00 0.000000000000000000e+00 0.000000000000000000e+00 0.000000000000000000e+00 0.000000000000000000e+00 0.000000000000000000e+00 9.393544631092568764e+00 -8.090513974238715544e-01 0.000000000000000000e+00 -8.090513974238715544e-01 5.569401021616253722e-01 0.000000000000000000e+00 0.000000000000000000e+00 0.000000000000000000e+00 2.293593569660460130e+00 1.211093691495062963e+01 0.000000000000000000e+00 0.000000000000000000e+00
4.579979370699804875e-02 2.296264801323023974e+01 6.083970548932647660e+00 1.063938438038067036e-01 0.000000000000000000e+00 1.654818460556632953e-01 0.000000000000000000e+00 0.000000000000000000e+00 0.000000000000000000e+00 0.000000000000000000e+00 0.000000000000000000e+00 0.000000000000000000e+00 0.000000000000000000e+00 9.191102593700959389e+00 -8.344988269539366232e-01 0.000000000000000000e+00 -8.344988269539366232e-01 6.180307043089737773e-01 0.000000000000000000e+00 0.000000000000000000e+00 0.000000000000000000e+00 2.358807799855362042e+00 1.243934391653965932e+01 0.000000000000000000e+00 0.000000000000000000e+00
4.963675693585101190e-02 2.488638672322349876e+01 6.032145659104381608e+00 1.001356799776555034e-01 0.000000000000000000e+00 1.441154771572389914e-01 0.000000000000000000e+00 0.000000000000000000e+00 0.000000000000000000e+00 0.000000000000000000e+00 0.000000000000000000e+00 0.000000000000000000e+00 0.000000000000000000e+00 8.972400217406770295e+00 -8.558640552471475926e-01 0.000000000000000000e+00 -8.558640552471475926e-01 6.775120912463431511e-01 0.000000000000000000e+00 0.000000000000000000e+00 0.000000000000000000e+00 2.414379009555651212e+00 1.273640036140882081e+01 0.000000000000000000e+00 0.000000000000000000e+00
5.362500135083959202e-02 2.688597329948619929e+01 5.971912004247233341e+00 9.403460600421498228e-02 0.000000000000000000e+00 1.261889775912480027e-01 0.000000000000000000e+00 0.000000000000000000e+00 0.000000000000000000e+00 0.000000000000000000e+00 0.000000000000000000e+00 0.000000000000000000e+00 0.000000000000000000e+00 8.747957233708977043e+00 -8.737893468645178130e-01 0.000000000000000000e+00 -8.737893468645178130e-01 7.346940608060585909e-01 0.000000000000000000e+00 0.000000000000000000e+00 0.000000000000000000e+00 2.461172713979431936e+00 1.300601178385758061e+01 0.000000000000000000e+00 0.000000000000000000e+00
5.776389209329269026e-02 2.896108944285096953e+01 5.907348672478967444e+00 8.816144936988912217e-02 0.000000000000000000e+00 1.111447355358926026e-01 0.000000000000000000e+00 0.000000000000000000e+00 0.000000000000000000e+00 0.000000000000000000e+00 0.000000000000000000e+00 0.000000000000000000e+00 0.000000000000000000e+00 8.525595572420405333e+00 -8.888322926242582245e-01 0.000000000000000000e+00 -8.888322926242582245e-01 7.890353354820945908e-01 0.000000000000000000e+00 0.000000000000000000e+00 0.000000000000000000e+00 2.500066437055433965e+00 1.325171004817432951e+01 0.000000000000000000e+00 0.000000000000000000e+00
6.205277032428169193e-02 3.111140483116587063e+01 5.841485894015358227e+00 8.256865649747269220e-02 0.000000000000000000e+00 9.850736936228224327e-02 0.000000000000000000e+00 0.000000000000000000e+00 0.000000000000000000e+00 0.000000000000000000e+00 0.000000000000000000e+00 0.000000000000000000e+00 0.000000000000000000e+00 8.310931445060992573e+00 -9.014675242384968534e-01 0.000000000000000000e+00 -9.014675242384968534e-01 8.401375021065755622e-01 0.000000000000000000e+00 0.000000000000000000e+00 0.000000000000000000e+00 2.531902840863148985e+00 1.347664706387618949e+01 0.000000000000000000e+00 0.000000000000000000e+00
6.649095332949628290e-02 3.333657717187602287e+01 5.776504997473171699e+00 7.729142332747360178e-02 0.000000000000000000e+00 8.787588572216048499e-02 0.000000000000000000e+00 0.000000000000000000e+00 0.000000000000000000e+00 0.000000000000000000e+00 0.000000000000000000e+00 0.000000000000000000e+00 0.000000000000000000e+00 8.107819099030844967e+00 -9.120953686939077265e-01 0.000000000000000000e+00 -9.120953686939077265e-01 8.877322657688064833e-01 0.000000000000000000e+00 0.000000000000000000e+00 0.000000000000000000e+00 2.557458630146692169e+00 1.368360962906150036e+01 0.000000000000000000e+00 0.000000000000000000e+00
7.107773462792077446e-02 3.563625225651063744e+01 5.713913386446592746e+00 7.234944103682028338e-02 0.000000000000000000e+00 7.891400329509525025e-02 0.000000000000000000e+00 0.000000000000000000e+00 0.000000000000000000e+00 0.000000000000000000e+00 0.000000000000000000e+00 0.000000000000000000e+00 0.000000000000000000e+00 7.918729305723370082e+00 -9.210524626581909624e-01 0.000000000000000000e+00 -9.210524626581909624e-01 9.316658387067054958e-01 0.000000000000000000e+00 0.000000000000000000e+00 0.000000000000000000e+00 2.577431628463109803e+00 1.387504416406176944e+01 0.000000000000000000e+00 0.000000000000000000e+00
7.581238408429336051e-02 3.801006401706675319e+01 5.654691277933752147e+00 6.774945536408424895e-02 0.000000000000000000e+00 7.134092445316481124e-02 0.000000000000000000e+00 0.000000000000000000e+00 0.000000000000000000e+00 0.000000000000000000e+00 0.000000000000000000e+00 0.000000000000000000e+00 0.000000000000000000e+00 7.745059463564892610e+00 -9.286203809925326347e-01 0.000000000000000000e+00 -9.286203809925326347e-01 9.718823945121792818e-01 0.000000000000000000e+00 0.000000000000000000e+00 0.000000000000000000e+00 2.592440697790431070e+00 1.405308594402396061e+01 0.000000000000000000e+00 0.000000000000000000e+00
8.069414802533059206e-02 4.045763458428066883e+01 5.599414175718717246e+00 6.348829871435485162e-02 0.000000000000000000e+00 6.492246051552273689e-02 0.000000000000000000e+00 0.000000000000000000e+00 0.000000000000000000e+00 0.000000000000000000e+00 0.000000000000000000e+00 0.000000000000000000e+00 0.000000000000000000e+00 7.587391750684481906e+00 -9.350335397670201942e-01 0.000000000000000000e+00 -9.350335397670201942e-01 1.008407089618480912e+00 0.000000000000000000e+00 0.000000000000000000e+00 0.000000000000000000e+00 2.603029511134472784e+00 1.421958948935126088e+01 0.000000000000000000e+00 0.000000000000000000e+00
8.572224935969940951e-02 4.297857434777839813e+01 5.548359796768108865e+00 5.955471304674248706e-02 0.000000000000000000e+00 5.946319523065456830e-02 0.000000000000000000e+00 0.000000000000000000e+00 0.000000000000000000e+00 0.000000000000000000e+00 0.000000000000000000e+00 0.000000000000000000e+00 0.000000000000000000e+00 7.445710930227802393e+00 -9.404871990656841207e-01 0.000000000000000000e+00 -9.404871990656841207e-01 1.041329773809783088e+00 0.000000000000000000e+00 0.000000000000000000e+00 0.000000000000000000e+00 2.609678889498634025e+00 1.437615735583344012e+01 0.000000000000000000e+00 0.000000000000000000e+00
9.089588770171652676e-02 4.557248201809480292e+01 5.501589849583844227e+00 5.593178545345964259e-02 0.000000000000000000e+00 5.479985704477630809e-02 0.000000000000000000e+00 0.000000000000000000e+00 0.000000000000000000e+00 0.000000000000000000e+00 0.000000000000000000e+00 0.000000000000000000e+00 0.000000000000000000e+00 7.319573453064334601e+00 -9.451443161949742988e-01 0.000000000000000000e+00 -9.451443161949742988e-01 1.070790341153623926e+00 0.000000000000000000e+00 0.000000000000000000e+00 0.000000000000000000e+00 2.612815904949728818e+00 1.452416665867652057e+01 0.000000000000000000e+00 0.000000000000000000e+00
9.621423949875518300e-02 4.823894469055152712e+01 5.459010914703985584e+00 5.259934607879981211e-02 0.000000000000000000e+00 5.079643940253863316e-02 0.000000000000000000e+00 0.000000000000000000e+00 0.000000000000000000e+00 0.000000000000000000e+00 0.000000000000000000e+00 0.000000000000000000e+00 0.000000000000000000e+00 7.208238353374706975e+00 -9.491411658716368827e-01 0.000000000000000000e+00 -9.491411658716368827e-01 1.096966034331886997e+00 0.000000000000000000e+00 0.000000000000000000e+00 0.000000000000000000e+00 2.612817441701377863e+00 1.466479356533201006e+01 0.000000000000000000e+00 0.000000000000000000e+00
1.016764581623409019e-01 5.097753791098458009e+01 5.420424402244126583e+00 4.953618202384402203e-02 0.000000000000000000e+00 4.734027285967926102e-02 0.000000000000000000e+00 0.000000000000000000e+00 0.000000000000000000e+00 0.000000000000000000e+00 0.000000000000000000e+00 0.000000000000000000e+00 0.000000000000000000e+00 7.110769206560592082e+00 -9.525906711034100027e-01 0.000000000000000000e+00 -9.525906711034100027e-01 1.120060068187564095e+00 0.000000000000000000e+00 0.000000000000000000e+00 0.000000000000000000e+00 2.610019529740096100e+00 1.479903763556037077e+01 0.000000000000000000e+00 0.000000000000000000e+00
1.072816742029135961e-01 5.378782574330978150e+01 5.385570683339778952e+00 4.672015582255536342e-02 0.000000000000000000e+00 4.433789965755362272e-02 0.000000000000000000e+00 0.000000000000000000e+00 0.000000000000000000e+00 0.000000000000000000e+00 0.000000000000000000e+00 0.000000000000000000e+00 0.000000000000000000e+00 7.026117440686712179e+00 -9.555863097021030095e-01 0.000000000000000000e+00 -9.555863097021030095e-01 1.140291513229430898e+00 0.000000000000000000e+00 0.000000000000000000e+00 0.000000000000000000e+00 2.604732412763413940e+00 1.492774418348503929e+01 0.000000000000000000e+00 0.000000000000000000e+00
1.130289953682342974e-01 5.666936083891619091e+01 5.354156929818117305e+00 4.412952360600540247e-02 0.000000000000000000e+00 4.171241490274797681e-02 0.000000000000000000e+00 0.000000000000000000e+00 0.000000000000000000e+00 0.000000000000000000e+00 0.000000000000000000e+00 0.000000000000000000e+00 0.000000000000000000e+00 6.953183516254805241e+00 -9.582049685576083942e-01 0.000000000000000000e+00 -9.582049685576083942e-01 1.157886866537430892e+00 0.000000000000000000e+00 0.000000000000000000e+00 0.000000000000000000e+00 2.597243476843996923e+00 1.505162476434040997e+01 0.000000000000000000e+00 0.000000000000000000e+00
1.189175067854170986e-01 5.962168450787621765e+01 5.325878326142863273e+00 4.174360804061177238e-02 0.000000000000000000e+00 3.940062796031561232e-02 0.000000000000000000e+00 0.000000000000000000e+00 0.000000000000000000e+00 0.000000000000000000e+00 0.000000000000000000e+00 0.000000000000000000e+00 0.000000000000000000e+00 6.890865780328947920e+00 -9.605097637797787025e-01 0.000000000000000000e+00 -9.605097637797787025e-01 1.173073486728354986e+00 0.000000000000000000e+00 0.000000000000000000e+00 0.000000000000000000e+00 2.587817385228424083e+00 1.517127684307802049e+01 0.000000000000000000e+00 0.000000000000000000e+00
1.249462711065602027e-01 6.264432679196094256e+01 5.300430894049980246e+00 3.954326550108080290e-02 0.000000000000000000e+00 3.735065079586572662e-02 0.000000000000000000e+00 0.000000000000000000e+00 0.000000000000000000e+00 0.000000000000000000e+00 0.000000000000000000e+00 0.000000000000000000e+00 0.000000000000000000e+00 6.838091220816330029e+00 -9.625529778092409838e-01 0.000000000000000000e+00 -9.625529778092409838e-01 1.186075167371942962e+00 0.000000000000000000e+00 0.000000000000000000e+00 0.000000000000000000e+00 2.576695399911686835e+00 1.528720047514505076e+01 0.000000000000000000e+00 0.000000000000000000e+00
1.311143286579556921e-01 6.573680653944940389e+01 5.277520683031787563e+00 3.751108988021918667e-02 0.000000000000000000e+00 3.552012334418146178e-02 0.000000000000000000e+00 0.000000000000000000e+00 0.000000000000000000e+00 0.000000000000000000e+00 0.000000000000000000e+00 0.000000000000000000e+00 0.000000000000000000e+00 6.793833091548144409e+00 -9.643771869551400755e-01 0.000000000000000000e+00 -9.643771869551400755e-01 1.197108034922576003e+00 0.000000000000000000e+00 0.000000000000000000e+00 0.000000000000000000e+00 2.564100239592855157e+00 1.539981382478507044e+01 0.000000000000000000e+00 0.000000000000000000e+00
1.374206975928524976e-01 6.889863148171934881e+01 5.256872767763025145e+00 3.563091492473736271e-02 0.000000000000000000e+00 3.387404171646490880e-02 0.000000000000000000e+00 0.000000000000000000e+00 0.000000000000000000e+00 0.000000000000000000e+00 0.000000000000000000e+00 0.000000000000000000e+00 0.000000000000000000e+00 6.757128518026514818e+00 -9.660174486275466821e-01 0.000000000000000000e+00 -9.660174486275466821e-01 1.206377402976883007e+00 0.000000000000000000e+00 0.000000000000000000e+00 0.000000000000000000e+00 2.550239614522651799e+00 1.550946594382259924e+01 0.000000000000000000e+00 0.000000000000000000e+00
1.438643740477492106e-01 7.212929831160781191e+01 5.238228099254397030e+00 3.388817509596236260e-02 0.000000000000000000e+00 3.238335084493777771e-02 0.000000000000000000e+00 0.000000000000000000e+00 0.000000000000000000e+00 0.000000000000000000e+00 0.000000000000000000e+00 0.000000000000000000e+00 0.000000000000000000e+00 6.727081772100380164e+00 -9.675021819689744174e-01 0.000000000000000000e+00 -9.675021819689744174e-01 1.214076091656896894e+00 0.000000000000000000e+00 0.000000000000000000e+00 0.000000000000000000e+00 2.535298334751516780e+00 1.561644680936652030e+01 0.000000000000000000e+00 0.000000000000000000e+00
1.504443323021918966e-01 7.542829276352888712e+01 5.221344778388339769e+00 3.226987666980706687e-02 0.000000000000000000e+00 3.102455602909818047e-02 0.000000000000000000e+00 0.000000000000000000e+00 0.000000000000000000e+00 0.000000000000000000e+00 0.000000000000000000e+00 0.000000000000000000e+00 0.000000000000000000e+00 6.702862352835471604e+00 -9.688555070830908722e-01 0.000000000000000000e+00 -9.688555070830908722e-01 1.220382720916759034e+00 0.000000000000000000e+00 0.000000000000000000e+00 0.000000000000000000e+00 2.519444483024448012e+00 1.572099678312832971e+01 0.000000000000000000e+00 0.000000000000000000e+00
1.571595249420504048e-01 7.879508969533570450e+01 5.206001130974071245e+00 3.076484241255547994e-02 0.000000000000000000e+00 2.977875483678699836e-02 0.000000000000000000e+00 0.000000000000000000e+00 0.000000000000000000e+00 0.000000000000000000e+00 0.000000000000000000e+00 0.000000000000000000e+00 0.000000000000000000e+00 6.683710851282276266e+00 -9.700965163152653892e-01 0.000000000000000000e+00 -9.700965163152653892e-01 1.225461461905577920e+00 0.000000000000000000e+00 0.000000000000000000e+00 0.000000000000000000e+00 2.502829948760287859e+00 1.582331664981390951e+01 0.000000000000000000e+00 0.000000000000000000e+00
1.640088830262488029e-01 8.222915317191396412e+01 5.192002228219466886e+00 2.936246219881049127e-02 0.000000000000000000e+00 2.862992023662611074e-02 0.000000000000000000e+00 0.000000000000000000e+00 0.000000000000000000e+00 0.000000000000000000e+00 0.000000000000000000e+00 0.000000000000000000e+00 0.000000000000000000e+00 6.668948474940562754e+00 -9.712405047325045615e-01 0.000000000000000000e+00 -9.712405047325045615e-01 1.229461529567311029e+00 0.000000000000000000e+00 0.000000000000000000e+00 0.000000000000000000e+00 2.485594451931059989e+00 1.592357408259490015e+01 0.000000000000000000e+00 0.000000000000000000e+00
1.709913162569217937e-01 8.572993655049336326e+01 5.179174384989080338e+00 2.805309974962671982e-02 0.000000000000000000e+00 2.756484778711578917e-02 0.000000000000000000e+00 0.000000000000000000e+00 0.000000000000000000e+00 0.000000000000000000e+00 0.000000000000000000e+00 0.000000000000000000e+00 0.000000000000000000e+00 6.657966422019089947e+00 -9.723006053664624559e-01 0.000000000000000000e+00 -9.723006053664624559e-01 1.232517470160235940e+00 0.000000000000000000e+00 0.000000000000000000e+00 0.000000000000000000e+00 2.467864877798832790e+00 1.602190828933130007e+01 0.000000000000000000e+00 0.000000000000000000e+00
1.781057131529706905e-01 8.929688256766350207e+01 5.167357813865898208e+00 2.682860385268510950e-02 0.000000000000000000e+00 2.657247045684047945e-02 0.000000000000000000e+00 0.000000000000000000e+00 0.000000000000000000e+00 0.000000000000000000e+00 0.000000000000000000e+00 0.000000000000000000e+00 0.000000000000000000e+00 6.650215249998885803e+00 -9.732883048802319914e-01 0.000000000000000000e+00 -9.732883048802319914e-01 1.234751238690698916e+00 0.000000000000000000e+00 0.000000000000000000e+00 0.000000000000000000e+00 2.449749139042209922e+00 1.611843519788088841e+01 0.000000000000000000e+00 0.000000000000000000e+00
1.853509412269928047e-01 9.292942342808056821e+01 5.156404906153745138e+00 2.568179965607814141e-02 0.000000000000000000e+00 2.564335494090835832e-02 0.000000000000000000e+00 0.000000000000000000e+00 0.000000000000000000e+00 0.000000000000000000e+00 0.000000000000000000e+00 0.000000000000000000e+00 0.000000000000000000e+00 6.645203696100269397e+00 -9.742131001033671467e-01 0.000000000000000000e+00 -9.742131001033671467e-01 1.236272584995735002e+00 0.000000000000000000e+00 0.000000000000000000e+00 0.000000000000000000e+00 2.431333531211485877e+00 1.621325025926532959e+01 0.000000000000000000e+00 0.000000000000000000e+00
1.927258471655524108e-01 9.662698089485033393e+01 5.146185962035341177e+00 2.460636504894161969e-02 0.000000000000000000e+00 2.477031277945964879e-02 0.000000000000000000e+00 0.000000000000000000e+00 0.000000000000000000e+00 0.000000000000000000e+00 0.000000000000000000e+00 0.000000000000000000e+00 0.000000000000000000e+00 6.642499803348205667e+00 -9.750824743975223807e-01 0.000000000000000000e+00 -9.750824743975223807e-01 1.237178207650631023e+00 0.000000000000000000e+00 0.000000000000000000e+00 0.000000000000000000e+00 2.412693913071846996e+00 1.630643291272851059e+01 0.000000000000000000e+00 0.000000000000000000e+00
2.002292570127688076e-01 1.003889663815733968e+02 5.136590912228385264e+00 2.359622149056163007e-02 0.000000000000000000e+00 2.394761938952152946e-02 0.000000000000000000e+00 0.000000000000000000e+00 0.000000000000000000e+00 0.000000000000000000e+00 0.000000000000000000e+00 0.000000000000000000e+00 0.000000000000000000e+00 6.641724929771153363e+00 -9.759019720146122623e-01 0.000000000000000000e+00 -9.759019720146122623e-01 1.237551777950298915e+00 0.000000000000000000e+00 0.000000000000000000e+00 0.000000000000000000e+00 2.393905116735318916e+00 1.639805166245356105e+01 0.000000000000000000e+00 0.000000000000000000e+00
2.078599763571893078e-01 1.042147810460377002e+02 5.127519078455916812e+00 2.264598527134826025e-02 0.000000000000000000e+00 2.316982090260233038e-02 0.000000000000000000e+00 0.000000000000000000e+00 0.000000000000000000e+00 0.000000000000000000e+00 0.000000000000000000e+00 0.000000000000000000e+00 0.000000000000000000e+00 6.642543502336302197e+00 -9.766754483906717743e-01 0.000000000000000000e+00 -9.766754483906717743e-01 1.237466579360930963e+00 0.000000000000000000e+00 0.000000000000000000e+00 0.000000000000000000e+00 2.375028075214601131e+00 1.648816538684573985e+01 0.000000000000000000e+00 0.000000000000000000e+00
2.156167905219185943e-01 1.081038158855439946e+02 5.118874944506565328e+00 2.175098840560965932e-02 0.000000000000000000e+00 2.243178965272616884e-02 0.000000000000000000e+00 0.000000000000000000e+00 0.000000000000000000e+00 0.000000000000000000e+00 0.000000000000000000e+00 0.000000000000000000e+00 0.000000000000000000e+00 6.644652575293293673e+00 -9.774077534652098054e-01 0.000000000000000000e+00 -9.774077534652098054e-01 1.236987771441143025e+00 0.000000000000000000e+00 0.000000000000000000e+00 0.000000000000000000e+00 2.356109542278693958e+00 1.657682251384930083e+01 0.000000000000000000e+00 0.000000000000000000e+00
2.234984647579741912e-01 1.120554518338481955e+02 5.110572119077957609e+00 2.090700395218622956e-02 0.000000000000000000e+00 2.172912481261420059e-02 0.000000000000000000e+00 0.000000000000000000e+00 0.000000000000000000e+00 0.000000000000000000e+00 0.000000000000000000e+00 0.000000000000000000e+00 0.000000000000000000e+00 6.647780525678015806e+00 -9.781041606046513293e-01 0.000000000000000000e+00 -9.781041606046513293e-01 1.236172785702726040e+00 0.000000000000000000e+00 0.000000000000000000e+00 0.000000000000000000e+00 2.337190926775174926e+00 1.666406178154243989e+01 0.000000000000000000e+00 0.000000000000000000e+00
2.315037444408364065e-01 1.160690598597058028e+02 5.102530519142253418e+00 2.011026349727449911e-02 0.000000000000000000e+00 2.105844038386902109e-02 0.000000000000000000e+00 0.000000000000000000e+00 0.000000000000000000e+00 0.000000000000000000e+00 0.000000000000000000e+00 0.000000000000000000e+00 0.000000000000000000e+00 6.651684806071574307e+00 -9.787674696732806545e-01 0.000000000000000000e+00 -9.787674696732806545e-01 1.235071851061561032e+00 0.000000000000000000e+00 0.000000000000000000e+00 0.000000000000000000e+00 2.318304381151372162e+00 1.674991434480881125e+01 0.000000000000000000e+00 0.000000000000000000e+00
2.396313552701631877e-01 1.201440010670028045e+02 5.094673732772777797e+00 1.935754478921752897e-02 0.000000000000000000e+00 2.041710948726462027e-02 0.000000000000000000e+00 0.000000000000000000e+00 0.000000000000000000e+00 0.000000000000000000e+00 0.000000000000000000e+00 0.000000000000000000e+00 0.000000000000000000e+00 6.656147381705221910e+00 -9.793990354989645652e-01 0.000000000000000000e+00 -9.793990354989645652e-01 1.233729542156561054e+00 0.000000000000000000e+00 0.000000000000000000e+00 0.000000000000000000e+00 2.299470541683771962e+00 1.683440679382087879e+01 0.000000000000000000e+00 0.000000000000000000e+00
2.478800034726363066e-01 1.242796267964569950e+02 5.086939427674883163e+00 1.864534326434090852e-02 0.000000000000000000e+00 1.980234963325333900e-02 0.000000000000000000e+00 0.000000000000000000e+00 0.000000000000000000e+00 0.000000000000000000e+00 0.000000000000000000e+00 0.000000000000000000e+00 0.000000000000000000e+00 6.660985007227239407e+00 -9.800019243131827817e-01 0.000000000000000000e+00 -9.800019243131827817e-01 1.232183888305907971e+00 0.000000000000000000e+00 0.000000000000000000e+00 0.000000000000000000e+00 2.280709959816619836e+00 1.691756129429979083e+01 0.000000000000000000e+00 0.000000000000000000e+00
2.562483760079066197e-01 1.284752787288724107e+02 5.079269230925152812e+00 1.797108549393200069e-02 0.000000000000000000e+00 1.921224463512632985e-02 0.000000000000000000e+00 0.000000000000000000e+00 0.000000000000000000e+00 0.000000000000000000e+00 0.000000000000000000e+00 0.000000000000000000e+00 0.000000000000000000e+00 6.666032478808601169e+00 -9.805799373084627124e-01 0.000000000000000000e+00 -9.805799373084627124e-01 1.230468648573050938e+00 0.000000000000000000e+00 0.000000000000000000e+00 0.000000000000000000e+00 2.262037334468653071e+00 1.699939576939566166e+01 0.000000000000000000e+00 0.000000000000000000e+00
2.647351407776085130e-01 1.327302889899333138e+02 5.071604694746280728e+00 1.733230175288151889e-02 0.000000000000000000e+00 1.864534386886441963e-02 0.000000000000000000e+00 0.000000000000000000e+00 0.000000000000000000e+00 0.000000000000000000e+00 0.000000000000000000e+00 0.000000000000000000e+00 0.000000000000000000e+00 6.671135089894439929e+00 -9.811351323373130873e-01 0.000000000000000000e+00 -9.811351323373130873e-01 1.228614440835718913e+00 0.000000000000000000e+00 0.000000000000000000e+00 0.000000000000000000e+00 2.243459858762403947e+00 1.707992731887712168e+01 0.000000000000000000e+00 0.000000000000000000e+00
2.733389468374052833e-01 1.370439802565169884e+02 5.063892499242398593e+00 1.672648342257703966e-02 0.000000000000000000e+00 1.809967987369031153e-02 0.000000000000000000e+00 0.000000000000000000e+00 0.000000000000000000e+00 0.000000000000000000e+00 0.000000000000000000e+00 0.000000000000000000e+00 0.000000000000000000e+00 6.676148826338775599e+00 -9.816709335907060074e-01 0.000000000000000000e+00 -9.816709335907060074e-01 1.226649039127736041e+00 0.000000000000000000e+00 0.000000000000000000e+00 0.000000000000000000e+00 2.224987133018287988e+00 1.715917070215962070e+01 0.000000000000000000e+00 0.000000000000000000e+00
2.820584246120367844e-01 1.414156658645125049e+02 5.056083269684859438e+00 1.615166996440749875e-02 0.000000000000000000e+00 1.757355214748953023e-02 0.000000000000000000e+00 0.000000000000000000e+00 0.000000000000000000e+00 0.000000000000000000e+00 0.000000000000000000e+00 0.000000000000000000e+00 0.000000000000000000e+00 6.680940128805207046e+00 -9.821892966094820654e-01 0.000000000000000000e+00 -9.821892966094820654e-01 1.224597840348343958e+00 0.000000000000000000e+00 0.000000000000000000e+00 0.000000000000000000e+00 2.206628570216166985e+00 1.723713742154490092e+01 0.000000000000000000e+00 0.000000000000000000e+00
2.908921861133311748e-01 1.458446499181252136e+02 5.048136504252905610e+00 1.560572869451221957e-02 0.000000000000000000e+00 1.706541985852869092e-02 0.000000000000000000e+00 0.000000000000000000e+00 0.000000000000000000e+00 0.000000000000000000e+00 0.000000000000000000e+00 0.000000000000000000e+00 0.000000000000000000e+00 6.685402221923184563e+00 -9.826902551025292754e-01 0.000000000000000000e+00 -9.826902551025292754e-01 1.222483188529378983e+00 0.000000000000000000e+00 0.000000000000000000e+00 0.000000000000000000e+00 2.188387598053247007e+00 1.731383635607144100e+01 0.000000000000000000e+00 0.000000000000000000e+00
2.998388251611489030e-01 1.503302274006514949e+02 5.040015197852669715e+00 1.508690802106226955e-02 0.000000000000000000e+00 1.657404334325312048e-02 0.000000000000000000e+00 0.000000000000000000e+00 0.000000000000000000e+00 0.000000000000000000e+00 0.000000000000000000e+00 0.000000000000000000e+00 0.000000000000000000e+00 6.689438120210954963e+00 -9.831747796122533023e-01 0.000000000000000000e+00 -9.831747796122533023e-01 1.220325006965419901e+00 0.000000000000000000e+00 0.000000000000000000e+00 0.000000000000000000e+00 2.170267268528963900e+00 1.738927419025203136e+01 0.000000000000000000e+00 0.000000000000000000e+00
3.088969176072212108e-01 1.548716842867046068e+02 5.031684903849750867e+00 1.459367300809101022e-02 0.000000000000000000e+00 1.609838211721494050e-02 0.000000000000000000e+00 0.000000000000000000e+00 0.000000000000000000e+00 0.000000000000000000e+00 0.000000000000000000e+00 0.000000000000000000e+00 0.000000000000000000e+00 6.692951437902944889e+00 -9.836448311611571960e-01 0.000000000000000000e+00 -9.836448311611571960e-01 1.218141857046612042e+00 0.000000000000000000e+00 0.000000000000000000e+00 0.000000000000000000e+00 2.152276512749944803e+00 1.746345644116620122e+01 0.000000000000000000e+00 0.000000000000000000e+00
3.180650215618501253e-01 1.594682976558752898e+02 5.023116153057964439e+00 1.412450802690225042e-02 0.000000000000000000e+00 1.563751762252926086e-02 0.000000000000000000e+00 0.000000000000000000e+00 0.000000000000000000e+00 0.000000000000000000e+00 0.000000000000000000e+00 0.000000000000000000e+00 0.000000000000000000e+00 6.695857660828456126e+00 -9.841011404746888847e-01 0.000000000000000000e+00 -9.841011404746888847e-01 1.215950498830185023e+00 0.000000000000000000e+00 0.000000000000000000e+00 0.000000000000000000e+00 2.134424146457288174e+00 1.753638765767292895e+01 0.000000000000000000e+00 0.000000000000000000e+00
3.273416776234325254e-01 1.641193358078085112e+02 5.014283433019715019e+00 1.367801555992493971e-02 0.000000000000000000e+00 1.519055884264835024e-02 0.000000000000000000e+00 0.000000000000000000e+00 0.000000000000000000e+00 0.000000000000000000e+00 0.000000000000000000e+00 0.000000000000000000e+00 0.000000000000000000e+00 6.698091434229904273e+00 -9.845440770653717255e-01 0.000000000000000000e+00 -9.845440770653717255e-01 1.213765983434911933e+00 0.000000000000000000e+00 0.000000000000000000e+00 0.000000000000000000e+00 2.116709448374613167e+00 1.760807170601162852e+01 0.000000000000000000e+00 0.000000000000000000e+00
3.367254091107700908e-01 1.688240583786761988e+02 5.005166708038981227e+00 1.325298281637964960e-02 0.000000000000000000e+00 1.475673721021374986e-02 0.000000000000000000e+00 0.000000000000000000e+00 0.000000000000000000e+00 0.000000000000000000e+00 0.000000000000000000e+00 0.000000000000000000e+00 0.000000000000000000e+00 6.699603261446394953e+00 -9.849733979752554047e-01 0.000000000000000000e+00 -9.849733979752554047e-01 1.211601726985356953e+00 0.000000000000000000e+00 0.000000000000000000e+00 0.000000000000000000e+00 2.099128427646211215e+00 1.767851164391951002e+01 0.000000000000000000e+00 0.000000000000000000e+00
3.462147222981319938e-01 1.735817164590312984e+02 4.995749003399025945e+00 1.284806712050659029e-02 0.000000000000000000e+00 1.433490964313404933e-02 0.000000000000000000e+00 0.000000000000000000e+00 0.000000000000000000e+00 0.000000000000000000e+00 0.000000000000000000e+00 0.000000000000000000e+00 0.000000000000000000e+00 6.700345877846591414e+00 -9.853878999297767116e-01 0.000000000000000000e+00 -9.853878999297767116e-01 1.209468719117303026e+00 0.000000000000000000e+00 0.000000000000000000e+00 0.000000000000000000e+00 2.081683409834158116e+00 1.774770939409194881e+01 0.000000000000000000e+00 0.000000000000000000e+00
3.558081066530298098e-01 1.783915527130205021e+02 4.986009012203147961e+00 1.246224917598225991e-02 0.000000000000000000e+00 1.392398662570169983e-02 0.000000000000000000e+00 0.000000000000000000e+00 0.000000000000000000e+00 0.000000000000000000e+00 0.000000000000000000e+00 0.000000000000000000e+00 0.000000000000000000e+00 6.700268683094336986e+00 -9.857888762234200408e-01 0.000000000000000000e+00 -9.857888762234200408e-01 1.207376610606333944e+00 0.000000000000000000e+00 0.000000000000000000e+00 0.000000000000000000e+00 2.064372730705624992e+00 1.781566365002680996e+01 0.000000000000000000e+00 0.000000000000000000e+00
3.655040350766672885e-01 1.832528014989389931e+02 4.975933542103115670e+00 1.209457477926906971e-02 0.000000000000000000e+00 1.352373968465762043e-02 0.000000000000000000e+00 0.000000000000000000e+00 0.000000000000000000e+00 0.000000000000000000e+00 0.000000000000000000e+00 0.000000000000000000e+00 0.000000000000000000e+00 6.699334050472687707e+00 -9.861766852331060873e-01 0.000000000000000000e+00 -9.861766852331060873e-01 1.205333793742356052e+00 0.000000000000000000e+00 0.000000000000000000e+00 0.000000000000000000e+00 2.047199239991187802e+00 1.788237278120406870e+01 0.000000000000000000e+00 0.000000000000000000e+00
3.753009641470285151e-01 1.881646889911071980e+02 4.965520375390857666e+00 1.174386773000508921e-02 0.000000000000000000e+00 1.313379109086612075e-02 0.000000000000000000e+00 0.000000000000000000e+00 0.000000000000000000e+00 0.000000000000000000e+00 0.000000000000000000e+00 0.000000000000000000e+00 0.000000000000000000e+00 6.697515267174700249e+00 -9.865516638989128007e-01 0.000000000000000000e+00 -9.865516638989128007e-01 1.203347419755933956e+00 0.000000000000000000e+00 0.000000000000000000e+00 0.000000000000000000e+00 2.030178063851079795e+00 1.794783644496007824e+01 0.000000000000000000e+00 0.000000000000000000e+00
3.851973343645632153e-01 1.931264333030503053e+02 4.954762439190131040e+00 1.140926496702376024e-02 0.000000000000000000e+00 1.275364293576273025e-02 0.000000000000000000e+00 0.000000000000000000e+00 0.000000000000000000e+00 0.000000000000000000e+00 0.000000000000000000e+00 0.000000000000000000e+00 0.000000000000000000e+00 6.694784510279387924e+00 -9.869161323161278476e-01 0.000000000000000000e+00 -9.869161323161278476e-01 1.201424844894217969e+00 0.000000000000000000e+00 0.000000000000000000e+00 0.000000000000000000e+00 2.013315523206657076e+00 1.801205431612794072e+01 0.000000000000000000e+00 0.000000000000000000e+00
3.951915704004314023e-01 1.981372446119605968e+02 4.943646516752623121e+00 1.108995940242023942e-02 0.000000000000000000e+00 1.238297914144224042e-02 0.000000000000000000e+00 0.000000000000000000e+00 0.000000000000000000e+00 0.000000000000000000e+00 0.000000000000000000e+00 0.000000000000000000e+00 0.000000000000000000e+00 6.691117226222985437e+00 -9.872733787175663744e-01 0.000000000000000000e+00 -9.872733787175663744e-01 1.199573907304448017e+00 0.000000000000000000e+00 0.000000000000000000e+00 0.000000000000000000e+00 1.996601899977813011e+00 1.807502633190287966e+01 0.000000000000000000e+00 0.000000000000000000e+00
4.052820813472691741e-01 2.031963252844238923e+02 4.932159637016733100e+00 1.078528608451150006e-02 0.000000000000000000e+00 1.202160770037502026e-02 0.000000000000000000e+00 0.000000000000000000e+00 0.000000000000000000e+00 0.000000000000000000e+00 0.000000000000000000e+00 0.000000000000000000e+00 0.000000000000000000e+00 6.686492222147371933e+00 -9.876251086551970371e-01 0.000000000000000000e+00 -9.876251086551970371e-01 1.197801992058894038e+00 0.000000000000000000e+00 0.000000000000000000e+00 0.000000000000000000e+00 1.980025059827200895e+00 1.813675341651847006e+01 0.000000000000000000e+00 0.000000000000000000e+00
4.154672609724324728e-01 2.083028700033887048e+02 4.920299639357063270e+00 1.049459158112399024e-02 0.000000000000000000e+00 1.166910455990139914e-02 0.000000000000000000e+00 0.000000000000000000e+00 0.000000000000000000e+00 0.000000000000000000e+00 0.000000000000000000e+00 0.000000000000000000e+00 0.000000000000000000e+00 6.680899050047277576e+00 -9.879711671882581703e-01 0.000000000000000000e+00 -9.879711671882581703e-01 1.196114239519818989e+00 0.000000000000000000e+00 0.000000000000000000e+00 0.000000000000000000e+00 1.963585989147029975e+00 1.819723721634735014e+01 0.000000000000000000e+00 0.000000000000000000e+00
4.257454879736812803e-01 2.134560658963582966e+02 4.908073052879173837e+00 1.021716589852107032e-02 0.000000000000000000e+00 1.132514436894947046e-02 0.000000000000000000e+00 0.000000000000000000e+00 0.000000000000000000e+00 0.000000000000000000e+00 0.000000000000000000e+00 0.000000000000000000e+00 0.000000000000000000e+00 6.674339313310286848e+00 -9.883105972152561591e-01 0.000000000000000000e+00 -9.883105972152561591e-01 1.194513595456796917e+00 0.000000000000000000e+00 0.000000000000000000e+00 0.000000000000000000e+00 1.947293196991263908e+00 1.825647916049454977e+01 0.000000000000000000e+00 0.000000000000000000e+00
4.361151262372627846e-01 2.186550926647859114e+02 4.895486431539691097e+00 9.952295826235333515e-03 0.000000000000000000e+00 1.098966567493329938e-02 0.000000000000000000e+00 0.000000000000000000e+00 0.000000000000000000e+00 0.000000000000000000e+00 0.000000000000000000e+00 0.000000000000000000e+00 0.000000000000000000e+00 6.666817556420351565e+00 -9.886420600914932466e-01 0.000000000000000000e+00 -9.886420600914932466e-01 1.193002012468842077e+00 0.000000000000000000e+00 0.000000000000000000e+00 0.000000000000000000e+00 1.931153294190186998e+00 1.831448189091526046e+01 0.000000000000000000e+00 0.000000000000000000e+00
4.465745250983519932e-01 2.238991227146522078e+02 4.882544593150771384e+00 9.699374161549957629e-03 0.000000000000000000e+00 1.066261259916858987e-02 0.000000000000000000e+00 0.000000000000000000e+00 0.000000000000000000e+00 0.000000000000000000e+00 0.000000000000000000e+00 0.000000000000000000e+00 0.000000000000000000e+00 6.658331733834685906e+00 -9.889634567484862915e-01 0.000000000000000000e+00 -9.889634567484862915e-01 1.191581610739488095e+00 0.000000000000000000e+00 0.000000000000000000e+00 0.000000000000000000e+00 1.915175841727368100e+00 1.837124958250997864e+01 0.000000000000000000e+00 0.000000000000000000e+00
4.571220196038087158e-01 2.291873212882032931e+02 4.869252945180654990e+00 9.457823419631869802e-03 0.000000000000000000e+00 1.034393648932195077e-02 0.000000000000000000e+00 0.000000000000000000e+00 0.000000000000000000e+00 0.000000000000000000e+00 0.000000000000000000e+00 0.000000000000000000e+00 0.000000000000000000e+00 6.648879300226638200e+00 -9.892732945983901960e-01 0.000000000000000000e+00 -9.892732945983901960e-01 1.190254929064427980e+00 0.000000000000000000e+00 0.000000000000000000e+00 0.000000000000000000e+00 1.899371661070244022e+00 1.842678819281838898e+01 0.000000000000000000e+00 0.000000000000000000e+00
4.677559307772086172e-01 2.345188465968298885e+02 4.855620490502894349e+00 9.227125406438548699e-03 0.000000000000000000e+00 1.003320298866816965e-02 0.000000000000000000e+00 0.000000000000000000e+00 0.000000000000000000e+00 0.000000000000000000e+00 0.000000000000000000e+00 0.000000000000000000e+00 0.000000000000000000e+00 6.638468123464487114e+00 -9.895722081736584297e-01 0.000000000000000000e+00 -9.895722081736584297e-01 1.189024176732734084e+00 0.000000000000000000e+00 0.000000000000000000e+00 0.000000000000000000e+00 1.883748680808567944e+00 1.848110430694422135e+01 0.000000000000000000e+00 0.000000000000000000e+00
4.784745658861069839e-01 2.398928499550650884e+02 4.841662022061012038e+00 9.006791934687992038e-03 0.000000000000000000e+00 9.729905280994294303e-03 0.000000000000000000e+00 0.000000000000000000e+00 0.000000000000000000e+00 0.000000000000000000e+00 0.000000000000000000e+00 0.000000000000000000e+00 0.000000000000000000e+00 6.627114134366506093e+00 -9.898631148582787143e-01 0.000000000000000000e+00 -9.898631148582787143e-01 1.187891895059755010e+00 0.000000000000000000e+00 0.000000000000000000e+00 0.000000000000000000e+00 1.868318014695762974e+00 1.853420347355169895e+01 0.000000000000000000e+00 0.000000000000000000e+00
4.892762187114930161e-01 2.453084759156805035e+02 4.827396819706211595e+00 8.796386800682750792e-03 0.000000000000000000e+00 9.434051711910619586e-03 0.000000000000000000e+00 0.000000000000000000e+00 0.000000000000000000e+00 0.000000000000000000e+00 0.000000000000000000e+00 0.000000000000000000e+00 0.000000000000000000e+00 6.614846960154515898e+00 -9.901494061984877915e-01 0.000000000000000000e+00 -9.901494061984877915e-01 1.186861524101824994e+00 0.000000000000000000e+00 0.000000000000000000e+00 0.000000000000000000e+00 1.853085155156082964e+00 1.858609141099625006e+01 0.000000000000000000e+00 0.000000000000000000e+00
5.001591698193881275e-01 2.507648624058583096e+02 4.812843857931516034e+00 8.595601654158673000e-03 0.000000000000000000e+00 9.146125025127068570e-03 0.000000000000000000e+00 0.000000000000000000e+00 0.000000000000000000e+00 0.000000000000000000e+00 0.000000000000000000e+00 0.000000000000000000e+00 0.000000000000000000e+00 6.601700554688618716e+00 -9.904297369568860754e-01 0.000000000000000000e+00 -9.904297369568860754e-01 1.185935119593678921e+00 0.000000000000000000e+00 0.000000000000000000e+00 0.000000000000000000e+00 1.838052041580733098e+00 1.863677707872210831e+01 0.000000000000000000e+00 0.000000000000000000e+00
5.111216868345516140e-01 2.562611408644178823e+02 4.798026272585481422e+00 8.403983397766000979e-03 0.000000000000000000e+00 8.866043797212943764e-03 0.000000000000000000e+00 0.000000000000000000e+00 0.000000000000000000e+00 0.000000000000000000e+00 0.000000000000000000e+00 0.000000000000000000e+00 0.000000000000000000e+00 6.587714521696561576e+00 -9.907020204551874043e-01 0.000000000000000000e+00 -9.907020204551874043e-01 1.185111397402299982e+00 0.000000000000000000e+00 0.000000000000000000e+00 0.000000000000000000e+00 1.823226626072099954e+00 1.868627265743058885e+01 0.000000000000000000e+00 0.000000000000000000e+00
5.221620247162431783e-01 2.617964363800759884e+02 4.782974230536369831e+00 8.220974527820116423e-03 0.000000000000000000e+00 8.593273370018217686e-03 0.000000000000000000e+00 0.000000000000000000e+00 0.000000000000000000e+00 0.000000000000000000e+00 0.000000000000000000e+00 0.000000000000000000e+00 0.000000000000000000e+00 6.572934776947160884e+00 -9.909669225089380307e-01 0.000000000000000000e+00 -9.909669225089380307e-01 1.184387910759062912e+00 0.000000000000000000e+00 0.000000000000000000e+00 0.000000000000000000e+00 1.808625773366516087e+00 1.873458971639925963e+01 0.000000000000000000e+00 0.000000000000000000e+00
5.332784260360035056e-01 2.673698678307172827e+02 4.767716613370225787e+00 8.046192024171146609e-03 0.000000000000000000e+00 8.327596393326936602e-03 0.000000000000000000e+00 0.000000000000000000e+00 0.000000000000000000e+00 0.000000000000000000e+00 0.000000000000000000e+00 0.000000000000000000e+00 0.000000000000000000e+00 6.557411613985814292e+00 -9.912247408137332405e-01 0.000000000000000000e+00 -9.912247408137332405e-01 1.183763513454008098e+00 0.000000000000000000e+00 0.000000000000000000e+00 0.000000000000000000e+00 1.794258099300630072e+00 1.878173927264543153e+01 0.000000000000000000e+00 0.000000000000000000e+00
5.444691212574057637e-01 2.729805480236531139e+02 4.752280567021572644e+00 7.879419211772728179e-03 0.000000000000000000e+00 8.068899153453216316e-03 0.000000000000000000e+00 0.000000000000000000e+00 0.000000000000000000e+00 0.000000000000000000e+00 0.000000000000000000e+00 0.000000000000000000e+00 0.000000000000000000e+00 6.541196613429830720e+00 -9.914748426158848105e-01 0.000000000000000000e+00 -9.914748426158848105e-01 1.183237856707779923e+00 0.000000000000000000e+00 0.000000000000000000e+00 0.000000000000000000e+00 1.780126663905533979e+00 1.882773297344256136e+01 0.000000000000000000e+00 0.000000000000000000e+00
5.557323290177351716e-01 2.786275838368472932e+02 4.736696007214423076e+00 7.720361639181030390e-03 0.000000000000000000e+00 7.817191102288822621e-03 0.000000000000000000e+00 0.000000000000000000e+00 0.000000000000000000e+00 0.000000000000000000e+00 0.000000000000000000e+00 0.000000000000000000e+00 0.000000000000000000e+00 6.524346171697989583e+00 -9.917165889356062136e-01 0.000000000000000000e+00 -9.917165889356062136e-01 1.182809952919160024e+00 0.000000000000000000e+00 0.000000000000000000e+00 0.000000000000000000e+00 1.766235889811696103e+00 1.887258357465960046e+01 0.000000000000000000e+00 0.000000000000000000e+00
5.670662564115505067e-01 2.843100763610859758e+02 4.720990509360299292e+00 7.568710998595231873e-03 0.000000000000000000e+00 7.572536111032453568e-03 0.000000000000000000e+00 0.000000000000000000e+00 0.000000000000000000e+00 0.000000000000000000e+00 0.000000000000000000e+00 0.000000000000000000e+00 0.000000000000000000e+00 6.506915625812673021e+00 -9.919506202526005012e-01 0.000000000000000000e+00 -9.919506202526005012e-01 1.182478108383093973e+00 0.000000000000000000e+00 0.000000000000000000e+00 0.000000000000000000e+00 1.752587284524832034e+00 1.891630550323207061e+01 0.000000000000000000e+00 0.000000000000000000e+00
5.784690992760831429e-01 2.900271210430673250e+02 4.705193427577530230e+00 7.424274438185762652e-03 0.000000000000000000e+00 7.335129134829612881e-03 0.000000000000000000e+00 0.000000000000000000e+00 0.000000000000000000e+00 0.000000000000000000e+00 0.000000000000000000e+00 0.000000000000000000e+00 0.000000000000000000e+00 6.488963354068390643e+00 -9.921785326518846038e-01 0.000000000000000000e+00 -9.921785326518846038e-01 1.182240048646213015e+00 0.000000000000000000e+00 0.000000000000000000e+00 0.000000000000000000e+00 1.739183452440457023e+00 1.895891519255609126e+01 0.000000000000000000e+00 0.000000000000000000e+00
5.899390424784285436e-01 2.957778078293912927e+02 4.689346528578123952e+00 7.286691274213746849e-03 0.000000000000000000e+00 7.105161218143220964e-03 0.000000000000000000e+00 0.000000000000000000e+00 0.000000000000000000e+00 0.000000000000000000e+00 0.000000000000000000e+00 0.000000000000000000e+00 0.000000000000000000e+00 6.470567808315585978e+00 -9.924004855664966263e-01 0.000000000000000000e+00 -9.924004855664966263e-01 1.182093310800971020e+00 0.000000000000000000e+00 0.000000000000000000e+00 0.000000000000000000e+00 1.726031938039692015e+00 1.900043182182767154e+01 0.000000000000000000e+00 0.000000000000000000e+00
6.014742602044831354e-01 3.015612213114239921e+02 4.673489926046377363e+00 7.155623998805022909e-03 0.000000000000000000e+00 6.882279402127744125e-03 0.000000000000000000e+00 0.000000000000000000e+00 0.000000000000000000e+00 0.000000000000000000e+00 0.000000000000000000e+00 0.000000000000000000e+00 0.000000000000000000e+00 6.451805973900659907e+00 -9.926171796465577124e-01 0.000000000000000000e+00 -9.926171796465577124e-01 1.182035190462465968e+00 0.000000000000000000e+00 0.000000000000000000e+00 0.000000000000000000e+00 1.713138687729629073e+00 1.904087550068823020e+01 0.000000000000000000e+00 0.000000000000000000e+00
6.130729162495824891e-01 3.073764408710143812e+02 4.657658560029765304e+00 7.030780008459429700e-03 0.000000000000000000e+00 6.666319960063708631e-03 0.000000000000000000e+00 0.000000000000000000e+00 0.000000000000000000e+00 0.000000000000000000e+00 0.000000000000000000e+00 0.000000000000000000e+00 0.000000000000000000e+00 6.432741731735663215e+00 -9.928290129324139901e-01 0.000000000000000000e+00 -9.928290129324139901e-01 1.182061773704242924e+00 0.000000000000000000e+00 0.000000000000000000e+00 0.000000000000000000e+00 1.700513614619624025e+00 1.908026553213358056e+01 0.000000000000000000e+00 0.000000000000000000e+00
6.247331643107925103e-01 3.132225408270412004e+02 4.641880624717482640e+00 6.911919700669968969e-03 0.000000000000000000e+00 6.457669887317656066e-03 0.000000000000000000e+00 0.000000000000000000e+00 0.000000000000000000e+00 0.000000000000000000e+00 0.000000000000000000e+00 0.000000000000000000e+00 0.000000000000000000e+00 6.413423771053780698e+00 -9.930333666691418815e-01 0.000000000000000000e+00 -9.930333666691418815e-01 1.182168815334545986e+00 0.000000000000000000e+00 0.000000000000000000e+00 0.000000000000000000e+00 1.688168663046639040e+00 1.911862345990221002e+01 0.000000000000000000e+00 0.000000000000000000e+00
6.364531482808089002e-01 3.190985905827645865e+02 4.626182969267875755e+00 6.798954382720872637e-03 0.000000000000000000e+00 6.256394524866143794e-03 0.000000000000000000e+00 0.000000000000000000e+00 0.000000000000000000e+00 0.000000000000000000e+00 0.000000000000000000e+00 0.000000000000000000e+00 0.000000000000000000e+00 6.393898932293509141e+00 -9.932284692439137253e-01 0.000000000000000000e+00 -9.932284692439137253e-01 1.182352985012449009e+00 0.000000000000000000e+00 0.000000000000000000e+00 0.000000000000000000e+00 1.676114021229792916e+00 1.915597361931813936e+01 0.000000000000000000e+00 0.000000000000000000e+00
6.482310025434162570e-01 3.250036547739609887e+02 4.610602110094474071e+00 6.691643300652624915e-03 0.000000000000000000e+00 6.062524271477163357e-03 0.000000000000000000e+00 0.000000000000000000e+00 0.000000000000000000e+00 0.000000000000000000e+00 0.000000000000000000e+00 0.000000000000000000e+00 0.000000000000000000e+00 6.374231343908787650e+00 -9.934143346224427740e-01 0.000000000000000000e+00 -9.934143346224427740e-01 1.182609654504106933e+00 0.000000000000000000e+00 0.000000000000000000e+00 0.000000000000000000e+00 1.664363221776054003e+00 1.919234146150619935e+01 0.000000000000000000e+00 0.000000000000000000e+00
6.600648522704625210e-01 3.309367934178170003e+02 4.595177893258091117e+00 6.589723070037229943e-03 0.000000000000000000e+00 5.876159711469960793e-03 0.000000000000000000e+00 0.000000000000000000e+00 0.000000000000000000e+00 0.000000000000000000e+00 0.000000000000000000e+00 0.000000000000000000e+00 0.000000000000000000e+00 6.354493464204307607e+00 -9.935917152998086088e-01 0.000000000000000000e+00 -9.935917152998086088e-01 1.182932082270145013e+00 0.000000000000000000e+00 0.000000000000000000e+00 0.000000000000000000e+00 1.652930240041728949e+00 1.922775430283560993e+01 0.000000000000000000e+00 0.000000000000000000e+00
6.719528137202980256e-01 3.368970620625578931e+02 4.579945096921632874e+00 6.492990523607711575e-03 0.000000000000000000e+00 5.696967352256577036e-03 0.000000000000000000e+00 0.000000000000000000e+00 0.000000000000000000e+00 0.000000000000000000e+00 0.000000000000000000e+00 0.000000000000000000e+00 0.000000000000000000e+00 6.334756594621686610e+00 -9.937613172550784357e-01 0.000000000000000000e+00 -9.937613172550784357e-01 1.183313665906527090e+00 0.000000000000000000e+00 0.000000000000000000e+00 0.000000000000000000e+00 1.641819933315052937e+00 1.926223993170087923e+01 0.000000000000000000e+00 0.000000000000000000e+00
6.838929945376344133e-01 3.428835119377878868e+02 4.564931397131544166e+00 6.401303880980629274e-03 0.000000000000000000e+00 5.524637093279245216e-03 0.000000000000000000e+00 0.000000000000000000e+00 0.000000000000000000e+00 0.000000000000000000e+00 0.000000000000000000e+00 0.000000000000000000e+00 0.000000000000000000e+00 6.315084060923894960e+00 -9.939247507320383423e-01 0.000000000000000000e+00 -9.939247507320383423e-01 1.183748824770259001e+00 0.000000000000000000e+00 0.000000000000000000e+00 0.000000000000000000e+00 1.631029908568935038e+00 1.929582492116622916e+01 0.000000000000000000e+00 0.000000000000000000e+00
6.958834940547742320e-01 3.488951901055177132e+02 4.550164291276160178e+00 6.314608871641302738e-03 0.000000000000000000e+00 5.359329835819577961e-03 0.000000000000000000e+00 0.000000000000000000e+00 0.000000000000000000e+00 0.000000000000000000e+00 0.000000000000000000e+00 0.000000000000000000e+00 0.000000000000000000e+00 6.295534269049144704e+00 -9.940845877801556263e-01 0.000000000000000000e+00 -9.940845877801556263e-01 1.184232353306831076e+00 0.000000000000000000e+00 0.000000000000000000e+00 0.000000000000000000e+00 1.620561960196345019e+00 1.932853644397275161e+01 0.000000000000000000e+00 0.000000000000000000e+00
7.079224035941648063e-01 3.549311396118558832e+02 4.535683022640758288e+00 6.232635598089411588e-03 0.000000000000000000e+00 5.201163962444654322e-03 0.000000000000000000e+00 0.000000000000000000e+00 0.000000000000000000e+00 0.000000000000000000e+00 0.000000000000000000e+00 0.000000000000000000e+00 0.000000000000000000e+00 6.276179620654900759e+00 -9.942399069346626872e-01 0.000000000000000000e+00 -9.942399069346626872e-01 1.184757458200524916e+00 0.000000000000000000e+00 0.000000000000000000e+00 0.000000000000000000e+00 1.610428966426092012e+00 1.936040388839408166e+01 0.000000000000000000e+00 0.000000000000000000e+00
7.200078067722250896e-01 3.609903996393388184e+02 4.521532369392349260e+00 6.155103347558407711e-03 0.000000000000000000e+00 5.049889161975259708e-03 0.000000000000000000e+00 0.000000000000000000e+00 0.000000000000000000e+00 0.000000000000000000e+00 0.000000000000000000e+00 0.000000000000000000e+00 0.000000000000000000e+00 6.257101923584278858e+00 -9.943896933231165525e-01 0.000000000000000000e+00 -9.943896933231165525e-01 1.185316838449874899e+00 0.000000000000000000e+00 0.000000000000000000e+00 0.000000000000000000e+00 1.600645976750544985e+00 1.939145708520300104e+01 0.000000000000000000e+00 0.000000000000000000e+00
7.321377798044008678e-01 3.670720056598755718e+02 4.507744809421025067e+00 6.081946134193315714e-03 0.000000000000000000e+00 4.905364360173758605e-03 0.000000000000000000e+00 0.000000000000000000e+00 0.000000000000000000e+00 0.000000000000000000e+00 0.000000000000000000e+00 0.000000000000000000e+00 0.000000000000000000e+00 6.238361588764560040e+00 -9.945321632995582917e-01 0.000000000000000000e+00 -9.945321632995582917e-01 1.185904860935431016e+00 0.000000000000000000e+00 0.000000000000000000e+00 0.000000000000000000e+00 1.591223169142059080e+00 1.942172535787285881e+01 0.000000000000000000e+00 0.000000000000000000e+00
7.443103918113980200e-01 3.731749895882854844e+02 4.494344629555967252e+00 6.013070960071851580e-03 0.000000000000000000e+00 4.767657768808183580e-03 0.000000000000000000e+00 0.000000000000000000e+00 0.000000000000000000e+00 0.000000000000000000e+00 0.000000000000000000e+00 0.000000000000000000e+00 0.000000000000000000e+00 6.220006759514798311e+00 -9.946642832266308076e-01 0.000000000000000000e+00 -9.946642832266308076e-01 1.186516935837796938e+00 0.000000000000000000e+00 0.000000000000000000e+00 0.000000000000000000e+00 1.582165563759337923e+00 1.945123875689892046e+01 0.000000000000000000e+00 0.000000000000000000e+00
7.565237051265440993e-01 3.792983799363984758e+02 4.481364720834235982e+00 5.948272720413098208e-03 0.000000000000000000e+00 4.636960786541276421e-03 0.000000000000000000e+00 0.000000000000000000e+00 0.000000000000000000e+00 0.000000000000000000e+00 0.000000000000000000e+00 0.000000000000000000e+00 0.000000000000000000e+00 6.202094527835099846e+00 -9.947871682956971329e-01 0.000000000000000000e+00 -9.947871682956971329e-01 1.187148405489911074e+00 0.000000000000000000e+00 0.000000000000000000e+00 0.000000000000000000e+00 1.573486508343461043e+00 1.948002902419879945e+01 0.000000000000000000e+00 0.000000000000000000e+00
7.687757756042311597e-01 3.854412019677001240e+02 4.468839273658275602e+00 5.887507485547203295e-03 0.000000000000000000e+00 4.513053468020672074e-03 0.000000000000000000e+00 0.000000000000000000e+00 0.000000000000000000e+00 0.000000000000000000e+00 0.000000000000000000e+00 0.000000000000000000e+00 0.000000000000000000e+00 6.184686908732254018e+00 -9.949034308191502252e-01 0.000000000000000000e+00 -9.949034308191502252e-01 1.187795383095548996e+00 0.000000000000000000e+00 0.000000000000000000e+00 0.000000000000000000e+00 1.565196255488747079e+00 1.950812893262408920e+01 0.000000000000000000e+00 0.000000000000000000e+00
7.810646529293896467e-01 3.916024778524921999e+02 4.456798401012233235e+00 5.830707390477244366e-03 0.000000000000000000e+00 4.395780335409939579e-03 0.000000000000000000e+00 0.000000000000000000e+00 0.000000000000000000e+00 0.000000000000000000e+00 0.000000000000000000e+00 0.000000000000000000e+00 0.000000000000000000e+00 6.167843568804400434e+00 -9.950144134441346599e-01 0.000000000000000000e+00 -9.950144134441346599e-01 1.188453794864825941e+00 0.000000000000000000e+00 0.000000000000000000e+00 0.000000000000000000e+00 1.557299438355240984e+00 1.953557013359597860e+01 0.000000000000000000e+00 0.000000000000000000e+00
7.933883809279443922e-01 3.977812268235463193e+02 4.445271596208779208e+00 5.777675027477384428e-03 0.000000000000000000e+00 4.285537932455550994e-03 0.000000000000000000e+00 0.000000000000000000e+00 0.000000000000000000e+00 0.000000000000000000e+00 0.000000000000000000e+00 0.000000000000000000e+00 0.000000000000000000e+00 6.151624400836740669e+00 -9.951194931970724911e-01 0.000000000000000000e+00 -9.951194931970724911e-01 1.189117857464988992e+00 0.000000000000000000e+00 0.000000000000000000e+00 0.000000000000000000e+00 1.549800934115828976e+00 1.956238617528657997e+01 0.000000000000000000e+00 0.000000000000000000e+00
8.057449978782034172e-01 4.039764653322245067e+02 4.434287969874247004e+00 5.728220918100152340e-03 0.000000000000000000e+00 4.182088731475647886e-03 0.000000000000000000e+00 0.000000000000000000e+00 0.000000000000000000e+00 0.000000000000000000e+00 0.000000000000000000e+00 0.000000000000000000e+00 0.000000000000000000e+00 6.136091796728132763e+00 -9.952193764805769005e-01 0.000000000000000000e+00 -9.952193764805769005e-01 1.189780617192258028e+00 0.000000000000000000e+00 0.000000000000000000e+00 0.000000000000000000e+00 1.542703525828102995e+00 1.958861216163542096e+01 0.000000000000000000e+00 0.000000000000000000e+00
8.181325368231293638e-01 4.101872072050433076e+02 4.423872291321277572e+00 5.682352831162005430e-03 0.000000000000000000e+00 4.085120803326115942e-03 0.000000000000000000e+00 0.000000000000000000e+00 0.000000000000000000e+00 0.000000000000000000e+00 0.000000000000000000e+00 0.000000000000000000e+00 0.000000000000000000e+00 6.121295895281333443e+00 -9.953138476379063126e-01 0.000000000000000000e+00 -9.953138476379063126e-01 1.190435844264978060e+00 0.000000000000000000e+00 0.000000000000000000e+00 0.000000000000000000e+00 1.536012843096244973e+00 1.961428141864034913e+01 0.000000000000000000e+00 0.000000000000000000e+00
8.305490258834452577e-01 4.164124638006553027e+02 4.414047162691833393e+00 5.639939798815279612e-03 0.000000000000000000e+00 3.994644078677649784e-03 0.000000000000000000e+00 0.000000000000000000e+00 0.000000000000000000e+00 0.000000000000000000e+00 0.000000000000000000e+00 0.000000000000000000e+00 0.000000000000000000e+00 6.107279562291033415e+00 -9.954014099749416422e-01 0.000000000000000000e+00 -9.954014099749416422e-01 1.191078123990537918e+00 0.000000000000000000e+00 0.000000000000000000e+00 0.000000000000000000e+00 1.529736639102095008e+00 1.963942728059300080e+01 0.000000000000000000e+00 0.000000000000000000e+00
8.429924885715220917e-01 4.226512441672230125e+02 4.404833937948687606e+00 5.600836242265102606e-03 0.000000000000000000e+00 3.910597462832387898e-03 0.000000000000000000e+00 0.000000000000000000e+00 0.000000000000000000e+00 0.000000000000000000e+00 0.000000000000000000e+00 0.000000000000000000e+00 0.000000000000000000e+00 6.094082113832824277e+00 -9.954820435691749125e-01 0.000000000000000000e+00 -9.954820435691749125e-01 1.191701130365764083e+00 0.000000000000000000e+00 0.000000000000000000e+00 0.000000000000000000e+00 1.523884631698789072e+00 1.966408336102627885e+01 0.000000000000000000e+00 0.000000000000000000e+00
8.554609441060021524e-01 4.289025552001618280e+02 4.396248090800840558e+00 5.565031057661411901e-03 0.000000000000000000e+00 3.833101879795026978e-03 0.000000000000000000e+00 0.000000000000000000e+00 0.000000000000000000e+00 0.000000000000000000e+00 0.000000000000000000e+00 0.000000000000000000e+00 0.000000000000000000e+00 6.081734683328284596e+00 -9.955557843121165540e-01 0.000000000000000000e+00 -9.955557843121165540e-01 1.192298482087073008e+00 0.000000000000000000e+00 0.000000000000000000e+00 0.000000000000000000e+00 1.518463016186323955e+00 1.968828396077437048e+01 0.000000000000000000e+00 0.000000000000000000e+00
8.679524077271040250e-01 4.351654018002241742e+02 4.388305163068812575e+00 5.532458719507388212e-03 0.000000000000000000e+00 3.762255368853488057e-03 0.000000000000000000e+00 0.000000000000000000e+00 0.000000000000000000e+00 0.000000000000000000e+00 0.000000000000000000e+00 0.000000000000000000e+00 0.000000000000000000e+00 6.070269934532140255e+00 -9.956231945023469310e-01 0.000000000000000000e+00 -9.956231945023469310e-01 1.192864383685668050e+00 0.000000000000000000e+00 0.000000000000000000e+00 0.000000000000000000e+00 1.513476007919817068e+00 1.971206474060251068e+01 0.000000000000000000e+00 0.000000000000000000e+00
8.804648910125617567e-01 4.414387870319025069e+02 4.381023351168011004e+00 5.503067411394191658e-03 0.000000000000000000e+00 3.697709435212725212e-03 0.000000000000000000e+00 0.000000000000000000e+00 0.000000000000000000e+00 0.000000000000000000e+00 0.000000000000000000e+00 0.000000000000000000e+00 0.000000000000000000e+00 6.059723048070103424e+00 -9.956854041181986137e-01 0.000000000000000000e+00 -9.956854041181986137e-01 1.193393440797215987e+00 0.000000000000000000e+00 0.000000000000000000e+00 0.000000000000000000e+00 1.508930213468703041e+00 1.973546115789878996e+01 0.000000000000000000e+00 0.000000000000000000e+00
8.929964021941471097e-01 4.477217122821232920e+02 4.374416871089422898e+00 5.476756841387659357e-03 0.000000000000000000e+00 3.639130243931316955e-03 0.000000000000000000e+00 0.000000000000000000e+00 0.000000000000000000e+00 0.000000000000000000e+00 0.000000000000000000e+00 0.000000000000000000e+00 0.000000000000000000e+00 6.050127729844951396e+00 -9.957426792706944862e-01 0.000000000000000000e+00 -9.957426792706944862e-01 1.193880960002200009e+00 0.000000000000000000e+00 0.000000000000000000e+00 0.000000000000000000e+00 1.504825052331697055e+00 1.975850635762756013e+01 0.000000000000000000e+00 0.000000000000000000e+00
9.055449464747237220e-01 4.540131774192095122e+02 4.368495615159502243e+00 5.453472454696376044e-03 0.000000000000000000e+00 3.586873120796997810e-03 0.000000000000000000e+00 0.000000000000000000e+00 0.000000000000000000e+00 0.000000000000000000e+00 0.000000000000000000e+00 0.000000000000000000e+00 0.000000000000000000e+00 6.041508592695403301e+00 -9.957943602669108163e-01 0.000000000000000000e+00 -9.957943602669108163e-01 1.194323437058047999e+00 0.000000000000000000e+00 0.000000000000000000e+00 0.000000000000000000e+00 1.501159200565552965e+00 1.978123393882058068e+01 0.000000000000000000e+00 0.000000000000000000e+00
9.181085263457844370e-01 4.603121809520832812e+02 4.363269071882090344e+00 5.433196397395781592e-03 0.000000000000000000e+00 3.541334247277116900e-03 0.000000000000000000e+00 0.000000000000000000e+00 0.000000000000000000e+00 0.000000000000000000e+00 0.000000000000000000e+00 0.000000000000000000e+00 0.000000000000000000e+00 6.033880697546767813e+00 -9.958391399948767209e-01 0.000000000000000000e+00 -9.958391399948767209e-01 1.194718020159011074e+00 0.000000000000000000e+00 0.000000000000000000e+00 0.000000000000000000e+00 1.497939426058402024e+00 1.980368064988360999e+01 0.000000000000000000e+00 0.000000000000000000e+00
9.306851419054191776e-01 4.666177201896865085e+02 4.358749092759694577e+00 5.415925989116572754e-03 0.000000000000000000e+00 3.502575549685999802e-03 0.000000000000000000e+00 0.000000000000000000e+00 0.000000000000000000e+00 0.000000000000000000e+00 0.000000000000000000e+00 0.000000000000000000e+00 0.000000000000000000e+00 6.027261729742413365e+00 -9.958765480422362426e-01 0.000000000000000000e+00 -9.958765480422362426e-01 1.195062158113677997e+00 0.000000000000000000e+00 0.000000000000000000e+00 0.000000000000000000e+00 1.495174297663298013e+00 1.982588491718671975e+01 0.000000000000000000e+00 0.000000000000000000e+00
9.432727911766647377e-01 4.729287914005910807e+02 4.354951413357904144e+00 5.401616138595834171e-03 0.000000000000000000e+00 3.470400222181572840e-03 0.000000000000000000e+00 0.000000000000000000e+00 0.000000000000000000e+00 0.000000000000000000e+00 0.000000000000000000e+00 0.000000000000000000e+00 0.000000000000000000e+00 6.021679375878727924e+00 -9.959067660308332792e-01 0.000000000000000000e+00 -9.959067660308332792e-01 1.195352721334070889e+00 0.000000000000000000e+00 0.000000000000000000e+00 0.000000000000000000e+00 1.492870729503009031e+00 1.984788499180566035e+01 0.000000000000000000e+00 0.000000000000000000e+00
9.558694704261838648e-01 4.792443899727757071e+02 4.351892082964448072e+00 5.390191758238484926e-03 0.000000000000000000e+00 3.444625175858182821e-03 0.000000000000000000e+00 0.000000000000000000e+00 0.000000000000000000e+00 0.000000000000000000e+00 0.000000000000000000e+00 0.000000000000000000e+00 0.000000000000000000e+00 6.017169799003888819e+00 -9.959306780609220588e-01 0.000000000000000000e+00 -9.959306780609220588e-01 1.195586229986383975e+00 0.000000000000000000e+00 0.000000000000000000e+00 0.000000000000000000e+00 1.491028136938624016e+00 1.986971787932982991e+01 0.000000000000000000e+00 0.000000000000000000e+00
9.684731744832252298e-01 4.855635105735424872e+02 4.349585554053813752e+00 5.381609675131174796e-03 0.000000000000000000e+00 3.425225521338755210e-03 0.000000000000000000e+00 0.000000000000000000e+00 0.000000000000000000e+00 0.000000000000000000e+00 0.000000000000000000e+00 0.000000000000000000e+00 0.000000000000000000e+00 6.013767886042679756e+00 -9.959482009416228410e-01 0.000000000000000000e+00 -9.959482009416228410e-01 1.195760339502391023e+00 0.000000000000000000e+00 0.000000000000000000e+00 0.000000000000000000e+00 1.489642882562558057e+00 1.989142024715226142e+01 0.000000000000000000e+00 0.000000000000000000e+00
9.810818970588109922e-01 4.918851473095484153e+02 4.348043772879735869e+00 5.375864535241027878e-03 0.000000000000000000e+00 3.412123045562150819e-03 0.000000000000000000e+00 0.000000000000000000e+00 0.000000000000000000e+00 0.000000000000000000e+00 0.000000000000000000e+00 0.000000000000000000e+00 0.000000000000000000e+00 6.011494493700975106e+00 -9.959601230859671528e-01 0.000000000000000000e+00 -9.959601230859671528e-01 1.195875127746433009e+00 0.000000000000000000e+00 0.000000000000000000e+00 0.000000000000000000e+00 1.488717924312062957e+00 1.991302854271059886e+01 0.000000000000000000e+00 0.000000000000000000e+00
9.936936310651032223e-01 4.982082938869252757e+02 4.347273292942135825e+00 5.372937818773656019e-03 0.000000000000000000e+00 3.405452775186080909e-03 0.000000000000000000e+00 0.000000000000000000e+00 0.000000000000000000e+00 0.000000000000000000e+00 0.000000000000000000e+00 0.000000000000000000e+00 0.000000000000000000e+00 6.010357434073825722e+00 -9.959667519025847682e-01 0.000000000000000000e+00 -9.959667519025847682e-01 1.195931986427922089e+00 0.000000000000000000e+00 0.000000000000000000e+00 0.000000000000000000e+00 1.488257165382524949e+00 1.993457933952072025e+01 0.000000000000000000e+00 0.000000000000000000e+00
