# y, y+, tke, epsilon, grad_u_11, grad_u_12, grad_u_13, grad_u_21, grad_u_22, grad_u_23, grad_u_31, grad_u_32, grad_u_33, uu_11, uu_12, uu_13, uu_21, uu_22, uu_23, uu_31, uu_32, uu_33, u_1, u_2, u_3
0.000000000000000000e+00 0.000000000000000000e+00 5.589242289816008667e-36 2.761278364859712786e-01 0.000000000000000000e+00 1.000000000000000000e+00 0.000000000000000000e+00 0.000000000000000000e+00 0.000000000000000000e+00 0.000000000000000000e+00 0.000000000000000000e+00 0.000000000000000000e+00 0.000000000000000000e+00 0.000000000000000000e+00 0.000000000000000000e+00 0.000000000000000000e+00 0.000000000000000000e+00 0.000000000000000000e+00 0.000000000000000000e+00 0.000000000000000000e+00 0.000000000000000000e+00 1.117848457963202001e-35 0.000000000000000000e+00 0.000000000000000000e+00 0.000000000000000000e+00
2.059765673623203952e-05 4.520751555384802320e-03 2.820457713799550987e-06 2.758969552024729266e-01 0.000000000000000000e+00 9.999999999142790141e-01 0.000000000000000000e+00 0.000000000000000000e+00 0.000000000000000000e+00 0.000000000000000000e+00 0.000000000000000000e+00 0.000000000000000000e+00 0.000000000000000000e+00 3.941949734025412363e-06 -1.013506014778503965e-10 0.000000000000000000e+00 -1.013506014778503965e-10 7.403340326338144650e-14 0.000000000000000000e+00 0.000000000000000000e+00 0.000000000000000000e+00 1.698965619540287022e-06 4.520751555331789170e-03 0.000000000000000000e+00 0.000000000000000000e+00
1.029823439926414033e-04 2.260245414047382106e-02 7.038577278631306141e-05 2.749818827311945046e-01 0.000000000000000000e+00 9.999999874698342062e-01 0.000000000000000000e+00 0.000000000000000000e+00 0.000000000000000000e+00 0.000000000000000000e+00 0.000000000000000000e+00 0.000000000000000000e+00 0.000000000000000000e+00 9.849405364452970503e-05 -1.269085195617324981e-08 0.000000000000000000e+00 -1.269085195617324981e-08 4.600037051710301263e-11 0.000000000000000000e+00 0.000000000000000000e+00 0.000000000000000000e+00 4.227744592772591289e-05 2.260245407012829999e-02 0.000000000000000000e+00 0.000000000000000000e+00
2.883256182004689805e-04 6.328139669617081908e-02 5.496754640050813311e-04 2.729676566388273273e-01 0.000000000000000000e+00 9.999997213231153204e-01 0.000000000000000000e+00 0.000000000000000000e+00 0.000000000000000000e+00 0.000000000000000000e+00 0.000000000000000000e+00 0.000000000000000000e+00 0.000000000000000000e+00 7.713089806315963880e-04 -2.796971577481122113e-07 0.000000000000000000e+00 -2.796971577481122113e-07 2.790771844731324829e-09 0.000000000000000000e+00 0.000000000000000000e+00 0.000000000000000000e+00 3.280391566067214818e-04 6.328139230078351496e-02 0.000000000000000000e+00 0.000000000000000000e+00
6.177693459122890474e-04 1.355873518607302042e-01 2.507017509488397924e-03 2.695512721636407760e-01 0.000000000000000000e+00 9.999972322019862192e-01 0.000000000000000000e+00 0.000000000000000000e+00 0.000000000000000000e+00 0.000000000000000000e+00 0.000000000000000000e+00 0.000000000000000000e+00 0.000000000000000000e+00 3.535010264509402984e-03 -2.771352666866210071e-06 0.000000000000000000e+00 -2.771352666866210071e-06 5.749781223627128036e-08 0.000000000000000000e+00 0.000000000000000000e+00 0.000000000000000000e+00 1.478967256655155981e-03 1.355872583557896083e-01 0.000000000000000000e+00 0.000000000000000000e+00
1.132413839837087977e-03 2.485409720794911903e-01 8.340847494839686779e-03 2.646285026427543929e-01 0.000000000000000000e+00 9.999827538810873717e-01 0.000000000000000000e+00 0.000000000000000000e+00 0.000000000000000000e+00 0.000000000000000000e+00 0.000000000000000000e+00 0.000000000000000000e+00 0.000000000000000000e+00 1.184919486320168934e-02 -1.725792994520475927e-05 0.000000000000000000e+00 -1.725792994520475927e-05 6.265772245774421909e-07 0.000000000000000000e+00 0.000000000000000000e+00 0.000000000000000000e+00 4.831873549253102619e-03 2.485399058637879910e-01 0.000000000000000000e+00 0.000000000000000000e+00
1.873306006858532985e-03 4.111511883446702931e-01 2.251546550271998903e-02 2.583285193378658251e-01 0.000000000000000000e+00 9.999207429717074103e-01 0.000000000000000000e+00 0.000000000000000000e+00 0.000000000000000000e+00 0.000000000000000000e+00 0.000000000000000000e+00 0.000000000000000000e+00 0.000000000000000000e+00 3.232261768327743950e-02 -7.929038512024295536e-05 0.000000000000000000e+00 -7.929038512024295536e-05 4.459720800207397616e-06 0.000000000000000000e+00 0.000000000000000000e+00 0.000000000000000000e+00 1.270385360136233079e-02 4.111431029305692153e-01 0.000000000000000000e+00 0.000000000000000000e+00
2.881427511453483071e-03 6.324126123151811996e-01 5.234046310203199076e-02 2.509705954808451045e-01 0.000000000000000000e+00 9.997062796824193187e-01 0.000000000000000000e+00 0.000000000000000000e+00 0.000000000000000000e+00 0.000000000000000000e+00 0.000000000000000000e+00 0.000000000000000000e+00 0.000000000000000000e+00 7.617344367794298687e-02 -2.937992513659617067e-04 0.000000000000000000e+00 -2.937992513659617067e-04 2.330669301823248160e-05 0.000000000000000000e+00 0.000000000000000000e+00 0.000000000000000000e+00 2.848417583310277126e-02 6.323666511751658836e-01 0.000000000000000000e+00 0.000000000000000000e+00
4.177085301188321331e-03 9.167821910103595151e-01 1.076806729204320967e-01 2.430480868799556882e-01 0.000000000000000000e+00 9.990876757818358822e-01 0.000000000000000000e+00 0.000000000000000000e+00 0.000000000000000000e+00 0.000000000000000000e+00 0.000000000000000000e+00 0.000000000000000000e+00 0.000000000000000000e+00 1.593346836353934926e-01 -9.124901704620004854e-04 0.000000000000000000e+00 -9.124901704620004854e-04 9.432575200853134914e-05 0.000000000000000000e+00 0.000000000000000000e+00 0.000000000000000000e+00 5.593233645346201710e-02 9.165756954214407948e-01 0.000000000000000000e+00 0.000000000000000000e+00
5.759905750861604723e-03 1.264177921572686936e+00 1.997841982563660912e-01 2.349094171179461898e-01 0.000000000000000000e+00 9.975662603670676365e-01 0.000000000000000000e+00 0.000000000000000000e+00 0.000000000000000000e+00 0.000000000000000000e+00 0.000000000000000000e+00 0.000000000000000000e+00 0.000000000000000000e+00 3.012089140151130162e-01 -2.434057401762234046e-03 0.000000000000000000e+00 -2.434057401762234046e-03 3.070057516818597201e-04 0.000000000000000000e+00 0.000000000000000000e+00 0.000000000000000000e+00 9.805247674593746410e-02 1.263418703125285925e+00 0.000000000000000000e+00 0.000000000000000000e+00
7.629432426981108684e-03 1.674499626470012936e+00 3.408259911575649004e-01 2.264462073223242056e-01 0.000000000000000000e+00 9.942812585929270419e-01 0.000000000000000000e+00 0.000000000000000000e+00 0.000000000000000000e+00 0.000000000000000000e+00 0.000000000000000000e+00 0.000000000000000000e+00 0.000000000000000000e+00 5.241853962453840721e-01 -5.719303918291593174e-03 0.000000000000000000e+00 -5.719303918291593174e-03 8.365852156742870646e-04 0.000000000000000000e+00 0.000000000000000000e+00 0.000000000000000000e+00 1.566300008540713884e-01 1.672130430067872098e+00 0.000000000000000000e+00 0.000000000000000000e+00
9.785126219384543411e-03 2.147628982383531060e+00 5.426627478079862898e-01 2.171770011685406065e-01 0.000000000000000000e+00 9.879317535925784544e-01 0.000000000000000000e+00 0.000000000000000000e+00 0.000000000000000000e+00 0.000000000000000000e+00 0.000000000000000000e+00 0.000000000000000000e+00 0.000000000000000000e+00 8.514721042336845791e-01 -1.206917969026355918e-02 0.000000000000000000e+00 -1.206917969026355918e-02 1.972965933604135975e-03 0.000000000000000000e+00 0.000000000000000000e+00 0.000000000000000000e+00 2.318804254486838134e-01 2.141170999916876205e+00 0.000000000000000000e+00 0.000000000000000000e+00
1.222636549670120046e-02 2.683429554328327971e+00 8.147925720549293871e-01 2.065996092863401912e-01 0.000000000000000000e+00 9.768068336303111776e-01 0.000000000000000000e+00 0.000000000000000000e+00 0.000000000000000000e+00 0.000000000000000000e+00 0.000000000000000000e+00 0.000000000000000000e+00 0.000000000000000000e+00 1.303005461933895104e+00 -2.319463621791858013e-02 0.000000000000000000e+00 -2.319463621791858013e-02 4.132909644406100244e-03 0.000000000000000000e+00 0.000000000000000000e+00 0.000000000000000000e+00 3.224467725315577904e-01 2.667722811683442163e+00 0.000000000000000000e+00 0.000000000000000000e+00
1.495244628560998996e-02 3.281746834996754014e+00 1.161556159528410070e+00 1.946835187703601089e-01 0.000000000000000000e+00 9.589879012305059236e-01 0.000000000000000000e+00 0.000000000000000000e+00 0.000000000000000000e+00 0.000000000000000000e+00 0.000000000000000000e+00 0.000000000000000000e+00 0.000000000000000000e+00 1.889535691901595982e+00 -4.101431809805893697e-02 0.000000000000000000e+00 -4.101431809805893697e-02 7.847839464310092661e-03 0.000000000000000000e+00 0.000000000000000000e+00 0.000000000000000000e+00 4.257287876909138236e-01 3.247120992638191872e+00 0.000000000000000000e+00 0.000000000000000000e+00
1.796258247384252896e-02 3.942408289313313219e+00 1.579315781461448909e+00 1.821618611278622013e-01 0.000000000000000000e+00 9.327237229050304723e-01 0.000000000000000000e+00 0.000000000000000000e+00 0.000000000000000000e+00 0.000000000000000000e+00 0.000000000000000000e+00 0.000000000000000000e+00 0.000000000000000000e+00 2.606465521033972887e+00 -6.727950922406274181e-02 0.000000000000000000e+00 -6.727950922406274181e-02 1.372799650753634033e-02 0.000000000000000000e+00 0.000000000000000000e+00 0.000000000000000000e+00 5.384380453813882861e-01 3.872379898028877054e+00 0.000000000000000000e+00 0.000000000000000000e+00
2.125590603687154898e-02 4.665223404187997858e+00 2.054918454277586903e+00 1.703464039892789994e-01 0.000000000000000000e+00 8.968823733630570949e-01 0.000000000000000000e+00 0.000000000000000000e+00 0.000000000000000000e+00 0.000000000000000000e+00 0.000000000000000000e+00 0.000000000000000000e+00 0.000000000000000000e+00 3.430220047181975929e+00 -1.031221857697597055e-01 0.000000000000000000e+00 -1.031221857697597055e-01 2.241146323815445054e-02 0.000000000000000000e+00 0.000000000000000000e+00 0.000000000000000000e+00 6.572053981350437502e-01 4.534021596415609423e+00 0.000000000000000000e+00 0.000000000000000000e+00
2.483146728822127960e-02 5.449983743454135166e+00 2.566564993119965887e+00 1.605503157819073989e-01 0.000000000000000000e+00 8.513191458500585229e-01 0.000000000000000000e+00 0.000000000000000000e+00 0.000000000000000000e+00 0.000000000000000000e+00 0.000000000000000000e+00 0.000000000000000000e+00 0.000000000000000000e+00 4.319559284040511038e+00 -1.486871070174901888e-01 0.000000000000000000e+00 -1.486871070174901888e-01 3.450985528357670973e-02 0.000000000000000000e+00 0.000000000000000000e+00 0.000000000000000000e+00 7.790608469158456506e-01 5.220363334075379669e+00 0.000000000000000000e+00 0.000000000000000000e+00
2.868823515332563981e-02 6.296463007974501203e+00 3.087184501973759154e+00 1.535069055348813050e-01 0.000000000000000000e+00 7.970174502859097565e-01 0.000000000000000000e+00 0.000000000000000000e+00 0.000000000000000000e+00 0.000000000000000000e+00 0.000000000000000000e+00 0.000000000000000000e+00 0.000000000000000000e+00 5.222136306918828019e+00 -2.029909073497420946e-01 0.000000000000000000e+00 -2.029909073497420946e-01 5.056039921215625677e-02 0.000000000000000000e+00 0.000000000000000000e+00 0.000000000000000000e+00 9.016722978165325753e-01 5.918283508591125397e+00 0.000000000000000000e+00 0.000000000000000000e+00
3.282509746685635665e-02 7.204417100898563575e+00 3.589213449768251962e+00 1.491347089345435861e-01 0.000000000000000000e+00 7.359517972248101891e-01 0.000000000000000000e+00 0.000000000000000000e+00 0.000000000000000000e+00 0.000000000000000000e+00 0.000000000000000000e+00 0.000000000000000000e+00 0.000000000000000000e+00 6.084102794631077060e+00 -2.640590765475416268e-01 0.000000000000000000e+00 -2.640590765475416268e-01 7.098882102974546360e-02 0.000000000000000000e+00 0.000000000000000000e+00 0.000000000000000000e+00 1.023335283875681068e+00 6.614322778506687150e+00 0.000000000000000000e+00 0.000000000000000000e+00
3.724086129343461699e-02 8.173584198051939254e+00 4.049111450922257660e+00 1.467107074142670886e-01 0.000000000000000000e+00 6.707307189363056477e-01 0.000000000000000000e+00 0.000000000000000000e+00 0.000000000000000000e+00 0.000000000000000000e+00 0.000000000000000000e+00 0.000000000000000000e+00 0.000000000000000000e+00 6.859343760965139758e+00 -3.292829943397482251e-01 0.000000000000000000e+00 -3.292829943397482251e-01 9.608254709444905006e-02 0.000000000000000000e+00 0.000000000000000000e+00 0.000000000000000000e+00 1.142796593784926040e+00 7.295868024755984393e+00 0.000000000000000000e+00 0.000000000000000000e+00
4.193425327163524674e-02 9.203684823438047502e+00 4.450284012932606892e+00 1.452583803755576053e-01 0.000000000000000000e+00 6.041461579964906292e-01 0.000000000000000000e+00 0.000000000000000000e+00 0.000000000000000000e+00 0.000000000000000000e+00 0.000000000000000000e+00 0.000000000000000000e+00 0.000000000000000000e+00 7.515563751640847556e+00 -3.958705464480652969e-01 0.000000000000000000e+00 -3.958705464480652969e-01 1.259718064595617970e-01 0.000000000000000000e+00 0.000000000000000000e+00 0.000000000000000000e+00 1.259032467764803043e+00 7.952156918623216164e+00 0.000000000000000000e+00 0.000000000000000000e+00
4.690391998118170758e-02 1.029442192982969928e+01 4.783954278936872306e+00 1.439045547446305973e-01 0.000000000000000000e+00 5.387622527397041283e-01 0.000000000000000000e+00 0.000000000000000000e+00 0.000000000000000000e+00 0.000000000000000000e+00 0.000000000000000000e+00 0.000000000000000000e+00 0.000000000000000000e+00 8.036209298663479217e+00 -4.612574240718647078e-01 0.000000000000000000e+00 -4.612574240718647078e-01 1.606174875470141872e-01 0.000000000000000000e+00 0.000000000000000000e+00 0.000000000000000000e+00 1.371081771663251070e+00 8.574920934858509369e+00 0.000000000000000000e+00 0.000000000000000000e+00
5.214842833322808069e-02 1.144548098442773920e+01 5.048342552111111381e+00 1.420680089319235062e-01 0.000000000000000000e+00 4.766337528473982843e-01 0.000000000000000000e+00 0.000000000000000000e+00 0.000000000000000000e+00 0.000000000000000000e+00 0.000000000000000000e+00 0.000000000000000000e+00 0.000000000000000000e+00 8.418897881249895576e+00 -5.233888187022823768e-01 0.000000000000000000e+00 -5.233888187022823768e-01 1.998070575477113864e-01 0.000000000000000000e+00 0.000000000000000000e+00 0.000000000000000000e+00 1.477980165424614967e+00 9.158607829385504218e+00 0.000000000000000000e+00 0.000000000000000000e+00
5.766626598361557221e-02 1.265653005956215971e+01 5.246912538172593621e+00 1.394788264324086091e-01 0.000000000000000000e+00 4.191829484997074973e-01 0.000000000000000000e+00 0.000000000000000000e+00 0.000000000000000000e+00 0.000000000000000000e+00 0.000000000000000000e+00 0.000000000000000000e+00 0.000000000000000000e+00 8.671878069140374734e+00 -5.808425490699168359e-01 0.000000000000000000e+00 -5.808425490699168359e-01 2.431611515072953922e-01 0.000000000000000000e+00 0.000000000000000000e+00 0.000000000000000000e+00 1.578785855697516949e+00 9.700237020883085037e+00 0.000000000000000000e+00 0.000000000000000000e+00
6.345584176898233508e-02 1.392721992840900036e+01 5.386415798099906560e+00 1.361001630825748876e-01 0.000000000000000000e+00 3.672124772651442770e-01 0.000000000000000000e+00 0.000000000000000000e+00 0.000000000000000000e+00 0.000000000000000000e+00 0.000000000000000000e+00 0.000000000000000000e+00 0.000000000000000000e+00 8.810023853105056091e+00 -6.328162664657491776e-01 0.000000000000000000e+00 -6.328162664657491776e-01 2.901525266466061792e-01 0.000000000000000000e+00 0.000000000000000000e+00 0.000000000000000000e+00 1.672655216448152959e+00 1.019900771696894992e+01 0.000000000000000000e+00 0.000000000000000000e+00
6.951548616560276894e-02 1.525718416569591973e+01 5.475205469525089796e+00 1.320273384501892966e-01 0.000000000000000000e+00 3.210050142991789923e-01 0.000000000000000000e+00 0.000000000000000000e+00 0.000000000000000000e+00 0.000000000000000000e+00 0.000000000000000000e+00 0.000000000000000000e+00 0.000000000000000000e+00 8.851351675162948851e+00 -6.790276714662000224e-01 0.000000000000000000e+00 -6.790276714662000224e-01 3.401365693547135916e-01 0.000000000000000000e+00 0.000000000000000000e+00 0.000000000000000000e+00 1.758922694532516928e+00 1.065579305864890003e+01 0.000000000000000000e+00 0.000000000000000000e+00
7.584345177082374434e-02 1.664603925336729162e+01 5.522006048160047698e+00 1.274081658716826881e-01 0.000000000000000000e+00 2.804593469340042056e-01 0.000000000000000000e+00 0.000000000000000000e+00 0.000000000000000000e+00 0.000000000000000000e+00 0.000000000000000000e+00 0.000000000000000000e+00 0.000000000000000000e+00 8.814467743523195509e+00 -7.195781996989939477e-01 0.000000000000000000e+00 -7.195781996989939477e-01 3.923898897815280007e-01 0.000000000000000000e+00 0.000000000000000000e+00 0.000000000000000000e+00 1.837154463015373107e+00 1.107262920997846933e+01 0.000000000000000000e+00 0.000000000000000000e+00
8.243791380695808524e-02 1.809338469117819059e+01 5.535133525642789820e+00 1.223958909794407995e-01 0.000000000000000000e+00 2.452250968730277925e-01 0.000000000000000000e+00 0.000000000000000000e+00 0.000000000000000000e+00 0.000000000000000000e+00 0.000000000000000000e+00 0.000000000000000000e+00 0.000000000000000000e+00 8.716949515073824983e+00 -7.548181139046157284e-01 0.000000000000000000e+00 -7.548181139046157284e-01 4.461519142532544002e-01 0.000000000000000000e+00 0.000000000000000000e+00 0.000000000000000000e+00 1.907165621958500035e+00 1.145226839366208083e+01 0.000000000000000000e+00 0.000000000000000000e+00
8.929697064749042568e-02 1.959880311218551086e+01 5.522072850921172282e+00 1.171281479647175994e-01 0.000000000000000000e+00 2.148148945189951864e-01 0.000000000000000000e+00 0.000000000000000000e+00 0.000000000000000000e+00 0.000000000000000000e+00 0.000000000000000000e+00 0.000000000000000000e+00 0.000000000000000000e+00 8.574475318508438804e+00 -7.852344309306147352e-01 0.000000000000000000e+00 -7.852344309306147352e-01 5.006644287029028417e-01 0.000000000000000000e+00 0.000000000000000000e+00 0.000000000000000000e+00 1.969005954631003030e+00 1.179782644861444929e+01 0.000000000000000000e+00 0.000000000000000000e+00
9.641864436544411721e-02 2.116186040310294914e+01 5.489301256355838099e+00 1.117210114527958931e-01 0.000000000000000000e+00 1.886868609769581095e-01 0.000000000000000000e+00 0.000000000000000000e+00 0.000000000000000000e+00 0.000000000000000000e+00 0.000000000000000000e+00 0.000000000000000000e+00 0.000000000000000000e+00 8.400472892435638883e+00 -8.113686237372149668e-01 0.000000000000000000e+00 -8.113686237372149668e-01 5.552054472588737744e-01 0.000000000000000000e+00 0.000000000000000000e+00 0.000000000000000000e+00 2.022924173017162985e+00 1.211252765017814959e+01 0.000000000000000000e+00 0.000000000000000000e+00
1.038008813037503003e-01 2.278210582948497986e+01 5.442261715000266342e+00 1.062699314789009031e-01 0.000000000000000000e+00 1.662992228662786010e-01 0.000000000000000000e+00 0.000000000000000000e+00 0.000000000000000000e+00 0.000000000000000000e+00 0.000000000000000000e+00 0.000000000000000000e+00 0.000000000000000000e+00 8.206088183553770676e+00 -8.337622112490262749e-01 0.000000000000000000e+00 -8.337622112490262749e-01 6.091152964411133963e-01 0.000000000000000000e+00 0.000000000000000000e+00 0.000000000000000000e+00 2.069319950005648945e+00 1.239953413801399051e+01 0.000000000000000000e+00 0.000000000000000000e+00
1.114415526674553958e-01 2.445907216570389053e+01 5.385417597746866569e+00 1.008533533485232031e-01 0.000000000000000000e+00 1.471427856797964118e-01 0.000000000000000000e+00 0.000000000000000000e+00 0.000000000000000000e+00 0.000000000000000000e+00 0.000000000000000000e+00 0.000000000000000000e+00 0.000000000000000000e+00 8.000326846914227019e+00 -8.529243527091979749e-01 0.000000000000000000e+00 -8.529243527091979749e-01 6.618141389186442680e-01 0.000000000000000000e+00 0.000000000000000000e+00 0.000000000000000000e+00 2.108694209660864960e+00 1.266184183499395921e+01 0.000000000000000000e+00 0.000000000000000000e+00
1.193384551375955976e-01 2.619227582968236945e+01 5.322346786611499958e+00 9.553616515544974264e-02 0.000000000000000000e+00 1.307572059753792926e-01 0.000000000000000000e+00 0.000000000000000000e+00 0.000000000000000000e+00 0.000000000000000000e+00 0.000000000000000000e+00 0.000000000000000000e+00 0.000000000000000000e+00 7.790279263383083297e+00 -8.693153495420242738e-01 0.000000000000000000e+00 -8.693153495420242738e-01 7.128114815980765018e-01 0.000000000000000000e+00 0.000000000000000000e+00 0.000000000000000000e+00 2.141602828241841117e+00 1.290222461567129919e+01 0.000000000000000000e+00 0.000000000000000000e+00
1.274893115065617033e-01 2.798121702234264063e+01 5.255855193776521439e+00 9.037151792715160392e-02 0.000000000000000000e+00 1.167367376833935017e-01 0.000000000000000000e+00 0.000000000000000000e+00 0.000000000000000000e+00 0.000000000000000000e+00 0.000000000000000000e+00 0.000000000000000000e+00 0.000000000000000000e+00 7.581385532593409415e+00 -8.833408174050683126e-01 0.000000000000000000e+00 -8.833408174050683126e-01 7.617089321020203974e-01 0.000000000000000000e+00 0.000000000000000000e+00 0.000000000000000000e+00 2.168615922857611178e+00 1.312321093520415083e+01 0.000000000000000000e+00 0.000000000000000000e+00
1.358917713347717882e-01 2.982537987173227023e+01 5.188097132484959850e+00 8.540113274993824111e-02 0.000000000000000000e+00 1.047296261954218932e-01 0.000000000000000000e+00 0.000000000000000000e+00 0.000000000000000000e+00 0.000000000000000000e+00 0.000000000000000000e+00 0.000000000000000000e+00 0.000000000000000000e+00 7.377706013696876397e+00 -8.953525130445368907e-01 0.000000000000000000e+00 -8.953525130445368907e-01 8.081979900217799440e-01 0.000000000000000000e+00 0.000000000000000000e+00 0.000000000000000000e+00 2.190290261251266024e+00 1.332708110329394025e+01 0.000000000000000000e+00 0.000000000000000000e+00
1.445434116284596004e-01 3.172423258178445948e+01 5.120688770357383568e+00 8.065552633167080709e-02 0.000000000000000000e+00 9.443391771804846013e-02 0.000000000000000000e+00 0.000000000000000000e+00 0.000000000000000000e+00 0.000000000000000000e+00 0.000000000000000000e+00 0.000000000000000000e+00 0.000000000000000000e+00 7.182168886404202368e+00 -9.056526622243628033e-01 0.000000000000000000e+00 -9.056526622243628033e-01 8.520548263691536395e-01 0.000000000000000000e+00 0.000000000000000000e+00 0.000000000000000000e+00 2.207153827941410906e+00 1.351587633167494040e+01 0.000000000000000000e+00 0.000000000000000000e+00
1.534417375383876070e-01 3.367722758567084185e+01 5.054805200907782847e+00 7.615572081754395928e-02 0.000000000000000000e+00 8.559171388232222899e-02 0.000000000000000000e+00 0.000000000000000000e+00 0.000000000000000000e+00 0.000000000000000000e+00 0.000000000000000000e+00 0.000000000000000000e+00 0.000000000000000000e+00 6.996783118746182417e+00 -9.144995281386092412e-01 0.000000000000000000e+00 -9.144995281386092412e-01 8.931328306074308720e-01 0.000000000000000000e+00 0.000000000000000000e+00 0.000000000000000000e+00 2.219694452461951961e+00 1.369141362829316932e+01 0.000000000000000000e+00 0.000000000000000000e+00
1.625841830792791043e-01 3.568380170370164706e+01 4.991264662343546377e+00 7.191410488215302377e-02 0.000000000000000000e+00 7.798301394890889970e-02 0.000000000000000000e+00 0.000000000000000000e+00 0.000000000000000000e+00 0.000000000000000000e+00 0.000000000000000000e+00 0.000000000000000000e+00 0.000000000000000000e+00 6.822824530329289594e+00 -9.221135145330374705e-01 0.000000000000000000e+00 -9.221135145330374705e-01 9.313533197073433634e-01 0.000000000000000000e+00 0.000000000000000000e+00 0.000000000000000000e+00 2.228351474650459796e+00 1.385530258270276960e+01 0.000000000000000000e+00 0.000000000000000000e+00
1.719681118697644895e-01 3.774337630572829738e+01 4.930600414342754867e+00 6.793553754295973690e-02 0.000000000000000000e+00 7.142082215812463331e-02 0.000000000000000000e+00 0.000000000000000000e+00 0.000000000000000000e+00 0.000000000000000000e+00 0.000000000000000000e+00 0.000000000000000000e+00 0.000000000000000000e+00 6.660991185457897146e+00 -9.286820303729920179e-01 0.000000000000000000e+00 -9.286820303729920179e-01 9.666957221934365796e-01 0.000000000000000000e+00 0.000000000000000000e+00 0.000000000000000000e+00 2.233513921034175898e+00 1.400896274783234041e+01 0.000000000000000000e+00 0.000000000000000000e+00
1.815908178926267103e-01 3.985535747800133777e+01 4.873123313224032138e+00 6.421859509170971259e-02 0.000000000000000000e+00 6.574667075036159936e-02 0.000000000000000000e+00 0.000000000000000000e+00 0.000000000000000000e+00 0.000000000000000000e+00 0.000000000000000000e+00 0.000000000000000000e+00 0.000000000000000000e+00 6.511532354046720705e+00 -9.343638012993226161e-01 0.000000000000000000e+00 -9.343638012993226161e-01 9.991880186527039021e-01 0.000000000000000000e+00 0.000000000000000000e+00 0.000000000000000000e+00 2.235526253748640002e+00 1.415364195907208078e+01 0.000000000000000000e+00 0.000000000000000000e+00
1.914495262751282900e-01 4.201913619443570269e+01 4.818977128231458629e+00 6.075616145600296059e-02 0.000000000000000000e+00 6.082582786234926736e-02 0.000000000000000000e+00 0.000000000000000000e+00 0.000000000000000000e+00 0.000000000000000000e+00 0.000000000000000000e+00 0.000000000000000000e+00 0.000000000000000000e+00 6.374360761560942557e+00 -9.392935102819803816e-01 0.000000000000000000e+00 -9.392935102819803816e-01 1.028897620497803977e+00 0.000000000000000000e+00 0.000000000000000000e+00 0.000000000000000000e+00 2.234695874404169835e+00 1.429043342083967971e+01 0.000000000000000000e+00 0.000000000000000000e+00
2.015413940891936095e-01 4.423408849223378070e+01 4.768181106103074107e+00 5.753763295497058700e-02 0.000000000000000000e+00 5.654338036001049783e-02 0.000000000000000000e+00 0.000000000000000000e+00 0.000000000000000000e+00 0.000000000000000000e+00 0.000000000000000000e+00 0.000000000000000000e+00 0.000000000000000000e+00 6.249140997152490939e+00 -9.435857279281011367e-01 0.000000000000000000e+00 -9.435857279281011367e-01 1.055923152424008027e+00 0.000000000000000000e+00 0.000000000000000000e+00 0.000000000000000000e+00 2.231298062629648804e+00 1.442029061265522927e+01 0.000000000000000000e+00 0.000000000000000000e+00
2.118635111712157126e-01 4.649957565181598795e+01 4.720667508928091394e+00 5.455034531456742081e-02 0.000000000000000000e+00 5.280152984898320301e-02 0.000000000000000000e+00 0.000000000000000000e+00 0.000000000000000000e+00 0.000000000000000000e+00 0.000000000000000000e+00 0.000000000000000000e+00 0.000000000000000000e+00 6.135364619430720090e+00 -9.473378725151758717e-01 0.000000000000000000e+00 -9.473378725151758717e-01 1.080387280139758044e+00 0.000000000000000000e+00 0.000000000000000000e+00 0.000000000000000000e+00 2.225583118285701989e+00 1.454404094190103969e+01 0.000000000000000000e+00 0.000000000000000000e+00
2.224129009612524077e-01 4.881494438100636302e+01 4.676313204930588441e+00 5.177968240193007998e-02 0.000000000000000000e+00 4.951746712132838041e-02 0.000000000000000000e+00 0.000000000000000000e+00 0.000000000000000000e+00 0.000000000000000000e+00 0.000000000000000000e+00 0.000000000000000000e+00 0.000000000000000000e+00 6.032407002876912117e+00 -9.506320448309407700e-01 0.000000000000000000e+00 -9.506320448309407700e-01 1.102430475730036052e+00 0.000000000000000000e+00 0.000000000000000000e+00 0.000000000000000000e+00 2.217788931254228935e+00 1.466239933612149038e+01 0.000000000000000000e+00 0.000000000000000000e+00
2.331865213613683041e-01 5.117952700342066663e+01 4.634957967931175205e+00 4.921082770412670698e-02 0.000000000000000000e+00 4.662107746010218240e-02 0.000000000000000000e+00 0.000000000000000000e+00 0.000000000000000000e+00 0.000000000000000000e+00 0.000000000000000000e+00 0.000000000000000000e+00 0.000000000000000000e+00 5.939566293501094663e+00 -9.535375699847820075e-01 0.000000000000000000e+00 -9.535375699847820075e-01 1.122204772321166999e+00 0.000000000000000000e+00 0.000000000000000000e+00 0.000000000000000000e+00 2.208144870040087859e+00 1.477598111537876058e+01 0.000000000000000000e+00 0.000000000000000000e+00
2.441812656128760084e-01 5.359264165100236710e+01 4.596419256850881041e+00 4.682939403048379245e-02 0.000000000000000000e+00 4.405337776142091016e-02 0.000000000000000000e+00 0.000000000000000000e+00 0.000000000000000000e+00 0.000000000000000000e+00 0.000000000000000000e+00 0.000000000000000000e+00 0.000000000000000000e+00 5.856099727999690252e+00 -9.561132214081432545e-01 0.000000000000000000e+00 -9.561132214081432545e-01 1.139868657915489969e+00 0.000000000000000000e+00 0.000000000000000000e+00 0.000000000000000000e+00 2.196870127786581861e+00 1.488531390208614980e+01 0.000000000000000000e+00 0.000000000000000000e+00
2.553939631922236275e-01 5.605359246065101786e+01 4.560505004557333208e+00 4.462152767480986881e-02 0.000000000000000000e+00 4.176543736191833806e-02 0.000000000000000000e+00 0.000000000000000000e+00 0.000000000000000000e+00 0.000000000000000000e+00 0.000000000000000000e+00 0.000000000000000000e+00 0.000000000000000000e+00 5.781253832332670761e+00 -9.584083764097131031e-01 0.000000000000000000e+00 -9.584083764097131031e-01 1.155583768743537965e+00 0.000000000000000000e+00 0.000000000000000000e+00 0.000000000000000000e+00 2.184172408038457913e+00 1.499084986129811981e+01 0.000000000000000000e+00 0.000000000000000000e+00
2.668213807252695080e-01 5.856166977488628334e+01 4.527025969774481240e+00 4.257338554105660755e-02 0.000000000000000000e+00 3.971647963156837297e-02 0.000000000000000000e+00 0.000000000000000000e+00 0.000000000000000000e+00 0.000000000000000000e+00 0.000000000000000000e+00 0.000000000000000000e+00 0.000000000000000000e+00 5.714295282831916900e+00 -9.604646691961833405e-01 0.000000000000000000e+00 -9.604646691961833405e-01 1.169511409524639944e+00 0.000000000000000000e+00 0.000000000000000000e+00 0.000000000000000000e+00 2.170245247192406080e+00 1.509297723945127956e+01 0.000000000000000000e+00 0.000000000000000000e+00
2.784602229196815881e-01 6.111615034648998801e+01 4.495798572467571752e+00 4.067183275187589292e-02 0.000000000000000000e+00 3.787170932901442327e-02 0.000000000000000000e+00 0.000000000000000000e+00 0.000000000000000000e+00 0.000000000000000000e+00 0.000000000000000000e+00 0.000000000000000000e+00 0.000000000000000000e+00 5.654518168717695303e+00 -9.623178508611867077e-01 0.000000000000000000e+00 -9.623178508611867077e-01 1.181809249204545997e+00 0.000000000000000000e+00 0.000000000000000000e+00 0.000000000000000000e+00 2.155269727012901981e+00 1.519202880722705018e+01 0.000000000000000000e+00 0.000000000000000000e+00
2.903071335151913845e-01 6.371629754706678739e+01 4.466641043300718650e+00 3.890447831696362824e-02 0.000000000000000000e+00 3.620155068972381873e-02 0.000000000000000000e+00 0.000000000000000000e+00 0.000000000000000000e+00 0.000000000000000000e+00 0.000000000000000000e+00 0.000000000000000000e+00 0.000000000000000000e+00 5.601242529182520968e+00 -9.639977841318059237e-01 0.000000000000000000e+00 -9.639977841318059237e-01 1.192629717402490019e+00 0.000000000000000000e+00 0.000000000000000000e+00 0.000000000000000000e+00 2.139409840016427200e+00 1.528828823517143931e+01 0.000000000000000000e+00 0.000000000000000000e+00
3.023586962514290821e-01 6.636136157946363312e+01 4.439376864499078756e+00 3.725981048143642282e-02 0.000000000000000000e+00 3.468080467326614680e-02 0.000000000000000000e+00 0.000000000000000000e+00 0.000000000000000000e+00 0.000000000000000000e+00 0.000000000000000000e+00 0.000000000000000000e+00 0.000000000000000000e+00 5.553828516077865096e+00 -9.655294446655378060e-01 0.000000000000000000e+00 -9.655294446655378060e-01 1.202119305057153031e+00 0.000000000000000000e+00 0.000000000000000000e+00 0.000000000000000000e+00 2.122805907863138941e+00 1.538199635690271982e+01 0.000000000000000000e+00 0.000000000000000000e+00
3.146114358530613941e-01 6.905057969398674800e+01 4.413839497710842608e+00 3.572782090633796342e-02 0.000000000000000000e+00 3.328833492100859853e-02 0.000000000000000000e+00 0.000000000000000000e+00 0.000000000000000000e+00 0.000000000000000000e+00 0.000000000000000000e+00 0.000000000000000000e+00 0.000000000000000000e+00 5.511671481777687731e+00 -9.669337276494891498e-01 0.000000000000000000e+00 -9.669337276494891498e-01 1.210416307786662982e+00 0.000000000000000000e+00 0.000000000000000000e+00 0.000000000000000000e+00 2.105591205857336945e+00 1.547335649600820950e+01 0.000000000000000000e+00 0.000000000000000000e+00
3.270618190319469765e-01 7.178317640835358304e+01 4.389873438164134001e+00 3.429944287337462205e-02 0.000000000000000000e+00 3.200710548876736783e-02 0.000000000000000000e+00 0.000000000000000000e+00 0.000000000000000000e+00 0.000000000000000000e+00 0.000000000000000000e+00 0.000000000000000000e+00 0.000000000000000000e+00 5.474203448842805741e+00 -9.682264790181176473e-01 0.000000000000000000e+00 -9.682264790181176473e-01 1.217649277816686082e+00 0.000000000000000000e+00 0.000000000000000000e+00 0.000000000000000000e+00 2.087894149668775956e+00 1.556254138655708985e+01 0.000000000000000000e+00 0.000000000000000000e+00
3.397062555060204048e-01 7.455836373131644734e+01 4.367334223875387167e+00 3.296620564784739221e-02 0.000000000000000000e+00 3.082200541384919057e-02 0.000000000000000000e+00 0.000000000000000000e+00 0.000000000000000000e+00 0.000000000000000000e+00 0.000000000000000000e+00 0.000000000000000000e+00 0.000000000000000000e+00 5.440904123426412831e+00 -9.694218530294672620e-01 0.000000000000000000e+00 -9.694218530294672620e-01 1.223936983173651960e+00 0.000000000000000000e+00 0.000000000000000000e+00 0.000000000000000000e+00 2.069827341150709099e+00 1.564969791992514025e+01 0.000000000000000000e+00 0.000000000000000000e+00
3.525410990346118933e-01 7.737534138989330756e+01 4.346088932907854918e+00 3.171969390149709245e-02 0.000000000000000000e+00 2.971990525059609034e-02 0.000000000000000000e+00 0.000000000000000000e+00 0.000000000000000000e+00 0.000000000000000000e+00 0.000000000000000000e+00 0.000000000000000000e+00 0.000000000000000000e+00 5.411295971943953731e+00 -9.705340982918094772e-01 0.000000000000000000e+00 -9.705340982918094772e-01 1.229388680399702949e+00 0.000000000000000000e+00 0.000000000000000000e+00 0.000000000000000000e+00 2.051493213472054045e+00 1.573494852713490921e+01 0.000000000000000000e+00 0.000000000000000000e+00
3.655626484699042167e-01 8.023329706014038720e+01 4.326013492660334414e+00 3.055331616794932856e-02 0.000000000000000000e+00 2.869082335078616125e-02 0.000000000000000000e+00 0.000000000000000000e+00 0.000000000000000000e+00 0.000000000000000000e+00 0.000000000000000000e+00 0.000000000000000000e+00 0.000000000000000000e+00 5.384935701892265669e+00 -9.715744590852419815e-01 0.000000000000000000e+00 -9.715744590852419815e-01 1.234104628963289985e+00 0.000000000000000000e+00 0.000000000000000000e+00 0.000000000000000000e+00 2.032986654465112952e+00 1.581839632136665053e+01 0.000000000000000000e+00 0.000000000000000000e+00
3.787671488242205786e-01 8.313140660139954718e+01 4.306996679045528964e+00 2.946086034998441142e-02 0.000000000000000000e+00 2.772639739008648033e-02 0.000000000000000000e+00 0.000000000000000000e+00 0.000000000000000000e+00 0.000000000000000000e+00 0.000000000000000000e+00 0.000000000000000000e+00 0.000000000000000000e+00 5.361419120376573311e+00 -9.725508613672075864e-01 0.000000000000000000e+00 -9.725508613672075864e-01 1.238175628065532941e+00 0.000000000000000000e+00 0.000000000000000000e+00 0.000000000000000000e+00 2.014398609648953009e+00 1.590013011279829058e+01 0.000000000000000000e+00 0.000000000000000000e+00
3.921507923528420037e-01 8.606883429395362839e+01 4.288942128575191859e+00 2.843675298281847855e-02 0.000000000000000000e+00 2.681908302962826909e-02 0.000000000000000000e+00 0.000000000000000000e+00 0.000000000000000000e+00 0.000000000000000000e+00 0.000000000000000000e+00 0.000000000000000000e+00 0.000000000000000000e+00 5.340383397633811313e+00 -9.734697324059656820e-01 0.000000000000000000e+00 -9.734697324059656820e-01 1.241683049186901977e+00 0.000000000000000000e+00 0.000000000000000000e+00 0.000000000000000000e+00 1.995817810329671094e+00 1.598022573461805962e+01 0.000000000000000000e+00 0.000000000000000000e+00
4.057097196520343951e-01 8.904473308002042131e+01 4.271767062543721849e+00 2.747555668501181977e-02 0.000000000000000000e+00 2.596242231746563947e-02 0.000000000000000000e+00 0.000000000000000000e+00 0.000000000000000000e+00 0.000000000000000000e+00 0.000000000000000000e+00 0.000000000000000000e+00 0.000000000000000000e+00 5.321511834494272897e+00 -9.743371865519024899e-01 0.000000000000000000e+00 -9.743371865519024899e-01 1.244699424072932104e+00 0.000000000000000000e+00 0.000000000000000000e+00 0.000000000000000000e+00 1.977322866520238920e+00 1.605874737219453152e+01 0.000000000000000000e+00 0.000000000000000000e+00
4.194400207719746199e-01 9.205824480801643972e+01 4.255390038106113160e+00 2.657282251056811151e-02 0.000000000000000000e+00 2.515132919879677076e-02 0.000000000000000000e+00 0.000000000000000000e+00 0.000000000000000000e+00 0.000000000000000000e+00 0.000000000000000000e+00 0.000000000000000000e+00 0.000000000000000000e+00 5.304519366594865559e+00 -9.751587127539386168e-01 0.000000000000000000e+00 -9.751587127539386168e-01 1.247290446227969030e+00 0.000000000000000000e+00 0.000000000000000000e+00 0.000000000000000000e+00 1.958970263389391953e+00 1.613574986338058892e+01 0.000000000000000000e+00 0.000000000000000000e+00
4.333377363442518782e-01 9.510850048001971402e+01 4.239734232535066205e+00 2.572492203243215148e-02 0.000000000000000000e+00 2.438230603707906841e-02 0.000000000000000000e+00 0.000000000000000000e+00 0.000000000000000000e+00 0.000000000000000000e+00 0.000000000000000000e+00 0.000000000000000000e+00 0.000000000000000000e+00 5.289145661550699096e+00 -9.759390445432255534e-01 0.000000000000000000e+00 -9.759390445432255534e-01 1.249515893917275910e+00 0.000000000000000000e+00 0.000000000000000000e+00 0.000000000000000000e+00 1.940806909602156960e+00 1.621128232588177909e+01 0.000000000000000000e+00 0.000000000000000000e+00
4.473988587236191750e-01 9.819462050236013795e+01 4.224737642589100339e+00 2.492814950364739129e-02 0.000000000000000000e+00 2.365258608991560943e-02 0.000000000000000000e+00 0.000000000000000000e+00 0.000000000000000000e+00 0.000000000000000000e+00 0.000000000000000000e+00 0.000000000000000000e+00 0.000000000000000000e+00 5.275158945322334425e+00 -9.766812509196262093e-01 0.000000000000000000e+00 -9.766812509196262093e-01 1.251428554387010950e+00 0.000000000000000000e+00 0.000000000000000000e+00 0.000000000000000000e+00 1.922887785468857080e+00 1.628539114034812840e+01 0.000000000000000000e+00 0.000000000000000000e+00
4.616193331436672098e-01 1.013157149392656038e+02 4.210349701922083021e+00 2.417893511601673998e-02 0.000000000000000000e+00 2.295934959821812130e-02 0.000000000000000000e+00 0.000000000000000000e+00 0.000000000000000000e+00 0.000000000000000000e+00 0.000000000000000000e+00 0.000000000000000000e+00 0.000000000000000000e+00 5.262356987976109401e+00 -9.773872949552858680e-01 0.000000000000000000e+00 -9.773872949552858680e-01 1.253074139750653071e+00 0.000000000000000000e+00 0.000000000000000000e+00 0.000000000000000000e+00 1.905268276117404014e+00 1.635812016814796976e+01 0.000000000000000000e+00 0.000000000000000000e+00
4.759950588860856757e-01 1.044708837694901007e+02 4.196524057171129307e+00 2.347396989187570948e-02 0.000000000000000000e+00 2.229956864865757088e-02 0.000000000000000000e+00 0.000000000000000000e+00 0.000000000000000000e+00 0.000000000000000000e+00 0.000000000000000000e+00 0.000000000000000000e+00 0.000000000000000000e+00 5.250569858063279582e+00 -9.780592521988359378e-01 0.000000000000000000e+00 -9.780592521988359378e-01 1.254492681736163906e+00 0.000000000000000000e+00 0.000000000000000000e+00 0.000000000000000000e+00 1.887985574542814904e+00 1.642950968493778063e+01 0.000000000000000000e+00 0.000000000000000000e+00
4.905218904631762911e-01 1.076592171458506044e+02 4.183215287679247218e+00 2.281052296220056896e-02 0.000000000000000000e+00 2.167047187839159922e-02 0.000000000000000000e+00 0.000000000000000000e+00 0.000000000000000000e+00 0.000000000000000000e+00 0.000000000000000000e+00 0.000000000000000000e+00 0.000000000000000000e+00 5.239650446552385432e+00 -9.787004317771154094e-01 0.000000000000000000e+00 -9.787004317771154094e-01 1.255720025242123894e+00 0.000000000000000000e+00 0.000000000000000000e+00 0.000000000000000000e+00 1.871060103563985111e+00 1.649959570133052011e+01 0.000000000000000000e+00 0.000000000000000000e+00
5.051956388132748943e-01 1.108797956575968016e+02 4.170383264799602863e+00 2.218612299012709052e-02 0.000000000000000000e+00 2.106983875772354062e-02 0.000000000000000000e+00 0.000000000000000000e+00 0.000000000000000000e+00 0.000000000000000000e+00 0.000000000000000000e+00 0.000000000000000000e+00 0.000000000000000000e+00 5.229468852565005932e+00 -9.793139777014500114e-01 0.000000000000000000e+00 -9.793139777014500114e-01 1.256788735018544045e+00 0.000000000000000000e+00 0.000000000000000000e+00 0.000000000000000000e+00 1.854508942015655970e+00 1.656841101852078069e+01 0.000000000000000000e+00 0.000000000000000000e+00
5.200120725087398199e-01 1.141316905955392969e+02 4.157997385467271378e+00 2.159812892120673011e-02 0.000000000000000000e+00 2.049557554128979969e-02 0.000000000000000000e+00 0.000000000000000000e+00 0.000000000000000000e+00 0.000000000000000000e+00 0.000000000000000000e+00 0.000000000000000000e+00 0.000000000000000000e+00 5.219912628748957673e+00 -9.799025289684372142e-01 0.000000000000000000e+00 -9.799025289684372142e-01 1.257728297952924068e+00 0.000000000000000000e+00 0.000000000000000000e+00 0.000000000000000000e+00 1.838353844232661904e+00 1.663598584145121961e+01 0.000000000000000000e+00 0.000000000000000000e+00
5.349669189761565580e-01 1.174139642198584994e+02 4.146029642044736896e+00 2.104450288430114932e-02 0.000000000000000000e+00 1.994601787584567021e-02 0.000000000000000000e+00 0.000000000000000000e+00 0.000000000000000000e+00 0.000000000000000000e+00 0.000000000000000000e+00 0.000000000000000000e+00 0.000000000000000000e+00 5.210878899008473120e+00 -9.804675502236426254e-01 0.000000000000000000e+00 -9.804675502236426254e-01 1.258564343050813994e+00 0.000000000000000000e+00 0.000000000000000000e+00 0.000000000000000000e+00 1.822616042030186900e+00 1.670234805775200115e+01 0.000000000000000000e+00 0.000000000000000000e+00
5.500558657284082553e-01 1.207256700305185007e+02 4.134449236109783321e+00 2.052355429013559898e-02 0.000000000000000000e+00 1.942023516647295098e-02 0.000000000000000000e+00 0.000000000000000000e+00 0.000000000000000000e+00 0.000000000000000000e+00 0.000000000000000000e+00 0.000000000000000000e+00 0.000000000000000000e+00 5.202271440207269393e+00 -9.810080840160768645e-01 0.000000000000000000e+00 -9.810080840160768645e-01 1.259318429418619045e+00 0.000000000000000000e+00 0.000000000000000000e+00 0.000000000000000000e+00 1.807308602593677982e+00 1.676752504484420925e+01 0.000000000000000000e+00 0.000000000000000000e+00
5.652745616082546221e-01 1.240658530402063064e+02 4.123229211242858128e+00 2.003362012213382934e-02 0.000000000000000000e+00 1.891751776238109056e-02 0.000000000000000000e+00 0.000000000000000000e+00 0.000000000000000000e+00 0.000000000000000000e+00 0.000000000000000000e+00 0.000000000000000000e+00 0.000000000000000000e+00 5.194007286659649836e+00 -9.815234407846151754e-01 0.000000000000000000e+00 -9.815234407846151754e-01 1.260008598188665951e+00 0.000000000000000000e+00 0.000000000000000000e+00 0.000000000000000000e+00 1.792442537637400024e+00 1.683154512090219868e+01 0.000000000000000000e+00 0.000000000000000000e+00
5.806186180430640276e-01 1.274335500497189031e+02 4.112353012640704186e+00 1.957274777489546869e-02 0.000000000000000000e+00 1.843700896650096038e-02 0.000000000000000000e+00 0.000000000000000000e+00 0.000000000000000000e+00 0.000000000000000000e+00 0.000000000000000000e+00 0.000000000000000000e+00 0.000000000000000000e+00 5.186017753743406011e+00 -9.820150901152558953e-01 0.000000000000000000e+00 -9.820150901152558953e-01 1.260649932475629953e+00 0.000000000000000000e+00 0.000000000000000000e+00 0.000000000000000000e+00 1.778038339062371964e+00 1.689443728981662929e+01 0.000000000000000000e+00 0.000000000000000000e+00
5.960836103103329675e-01 1.308277899257184913e+02 4.101806822283882603e+00 1.913930401373509921e-02 0.000000000000000000e+00 1.797789928054186956e-02 0.000000000000000000e+00 0.000000000000000000e+00 0.000000000000000000e+00 0.000000000000000000e+00 0.000000000000000000e+00 0.000000000000000000e+00 0.000000000000000000e+00 5.178241195980816336e+00 -9.824846931799051664e-01 0.000000000000000000e+00 -9.824846931799051664e-01 1.261255162592546997e+00 0.000000000000000000e+00 0.000000000000000000e+00 0.000000000000000000e+00 1.764117285994402984e+00 1.695623082513390045e+01 0.000000000000000000e+00 0.000000000000000000e+00
6.116650788136313022e-01 1.342475938807752129e+02 4.091573519414975380e+00 1.873222903986022925e-02 0.000000000000000000e+00 1.753919044452072890e-02 0.000000000000000000e+00 0.000000000000000000e+00 0.000000000000000000e+00 0.000000000000000000e+00 0.000000000000000000e+00 0.000000000000000000e+00 0.000000000000000000e+00 5.170626447140106663e+00 -9.829338339292748028e-01 0.000000000000000000e+00 -9.829338339292748028e-01 1.261834762783365926e+00 0.000000000000000000e+00 0.000000000000000000e+00 0.000000000000000000e+00 1.750685828906479058e+00 1.701695500484319012e+01 0.000000000000000000e+00 0.000000000000000000e+00
6.273585303686035619e-01 1.376919757556171930e+02 4.081640865937233187e+00 1.835031412662383940e-02 0.000000000000000000e+00 1.711991180539911006e-02 0.000000000000000000e+00 0.000000000000000000e+00 0.000000000000000000e+00 0.000000000000000000e+00 0.000000000000000000e+00 0.000000000000000000e+00 0.000000000000000000e+00 5.163138898544794131e+00 -9.833646882626634333e-01 0.000000000000000000e+00 -9.833646882626634333e-01 1.262396075063632939e+00 0.000000000000000000e+00 0.000000000000000000e+00 0.000000000000000000e+00 1.737746758266039082e+00 1.707663825243567857e+01 0.000000000000000000e+00 0.000000000000000000e+00
6.431594394986559493e-01 1.411599423035075063e+02 4.072004445039198117e+00 1.799223546024443163e-02 0.000000000000000000e+00 1.671985473846240855e-02 0.000000000000000000e+00 0.000000000000000000e+00 0.000000000000000000e+00 0.000000000000000000e+00 0.000000000000000000e+00 0.000000000000000000e+00 0.000000000000000000e+00 5.155754724030878755e+00 -9.837770456549947973e-01 0.000000000000000000e+00 -9.837770456549947973e-01 1.262943537994402066e+00 0.000000000000000000e+00 0.000000000000000000e+00 0.000000000000000000e+00 1.725310628053116080e+00 1.713530947487631906e+01 0.000000000000000000e+00 0.000000000000000000e+00
6.590632497399551148e-01 1.446504934766624046e+02 4.062662108933403182e+00 1.765708530965702863e-02 0.000000000000000000e+00 1.633939083072899132e-02 0.000000000000000000e+00 0.000000000000000000e+00 0.000000000000000000e+00 0.000000000000000000e+00 0.000000000000000000e+00 0.000000000000000000e+00 0.000000000000000000e+00 5.148460016350304258e+00 -9.841699922766405928e-01 0.000000000000000000e+00 -9.841699922766405928e-01 1.263480101292733027e+00 0.000000000000000000e+00 0.000000000000000000e+00 0.000000000000000000e+00 1.713384100223767970e+00 1.719300052526249090e+01 0.000000000000000000e+00 0.000000000000000000e+00
6.750653749553627847e-01 1.481626227146336987e+02 4.053614775566939166e+00 1.734369778504786866e-02 0.000000000000000000e+00 1.597847526308091015e-02 0.000000000000000000e+00 0.000000000000000000e+00 0.000000000000000000e+00 0.000000000000000000e+00 0.000000000000000000e+00 0.000000000000000000e+00 0.000000000000000000e+00 5.141252134988598677e+00 -9.845437131199502589e-01 0.000000000000000000e+00 -9.845437131199502589e-01 1.264007902696405949e+00 0.000000000000000000e+00 0.000000000000000000e+00 0.000000000000000000e+00 1.701969513448873039e+00 1.724974651830878969e+01 0.000000000000000000e+00 0.000000000000000000e+00
6.911612006569278766e-01 1.516953172345668861e+02 4.044868014078901730e+00 1.705106400431688832e-02 0.000000000000000000e+00 1.563645222063182044e-02 0.000000000000000000e+00 0.000000000000000000e+00 0.000000000000000000e+00 0.000000000000000000e+00 0.000000000000000000e+00 0.000000000000000000e+00 0.000000000000000000e+00 5.134136180813235306e+00 -9.848985915677915814e-01 0.000000000000000000e+00 -9.848985915677915814e-01 1.264527750929931971e+00 0.000000000000000000e+00 0.000000000000000000e+00 0.000000000000000000e+00 1.691072096414635961e+00 1.730558342497110047e+01 0.000000000000000000e+00 0.000000000000000000e+00
7.073460853365527434e-01 1.552475583232551060e+02 4.036432964912814114e+00 1.677856087582035860e-02 0.000000000000000000e+00 1.531272656392801065e-02 0.000000000000000000e+00 0.000000000000000000e+00 0.000000000000000000e+00 0.000000000000000000e+00 0.000000000000000000e+00 0.000000000000000000e+00 0.000000000000000000e+00 5.127128904002248078e+00 -9.852344855833067294e-01 0.000000000000000000e+00 -9.852344855833067294e-01 1.265038621262055907e+00 0.000000000000000000e+00 0.000000000000000000e+00 0.000000000000000000e+00 1.680698404561324910e+00 1.736054702922277926e+01 0.000000000000000000e+00 0.000000000000000000e+00
7.236153618044519620e-01 1.588183216309018917e+02 4.028326472940071845e+00 1.652533376026062845e-02 0.000000000000000000e+00 1.500706950813054941e-02 0.000000000000000000e+00 0.000000000000000000e+00 0.000000000000000000e+00 0.000000000000000000e+00 0.000000000000000000e+00 0.000000000000000000e+00 0.000000000000000000e+00 5.120257228769565572e+00 -9.855515147219671146e-01 0.000000000000000000e+00 -9.855515147219671146e-01 1.265537064655626986e+00 0.000000000000000000e+00 0.000000000000000000e+00 0.000000000000000000e+00 1.670858652454950910e+00 1.741467358525590825e+01 0.000000000000000000e+00 0.000000000000000000e+00
7.399643385350171965e-01 1.624065774665108108e+02 4.020566499997313414e+00 1.629054748646372938e-02 0.000000000000000000e+00 1.471958743908375992e-02 0.000000000000000000e+00 0.000000000000000000e+00 0.000000000000000000e+00 0.000000000000000000e+00 0.000000000000000000e+00 0.000000000000000000e+00 0.000000000000000000e+00 5.113549614696595746e+00 -9.858490259215364482e-01 0.000000000000000000e+00 -9.858490259215364482e-01 1.266018432542195926e+00 0.000000000000000000e+00 0.000000000000000000e+00 0.000000000000000000e+00 1.661564952755832936e+00 1.746800119147971131e+01 0.000000000000000000e+00 0.000000000000000000e+00
7.563883010196990053e-01 1.660112910948139131e+02 4.013171384801517583e+00 1.607345291446867983e-02 0.000000000000000000e+00 1.444973508828431043e-02 0.000000000000000000e+00 0.000000000000000000e+00 0.000000000000000000e+00 0.000000000000000000e+00 0.000000000000000000e+00 0.000000000000000000e+00 0.000000000000000000e+00 5.107037329562317041e+00 -9.861278557986211668e-01 0.000000000000000000e+00 -9.861278557986211668e-01 1.266479705011499979e+00 0.000000000000000000e+00 0.000000000000000000e+00 0.000000000000000000e+00 1.652825735029219034e+00 1.752056920998991885e+01 0.000000000000000000e+00 0.000000000000000000e+00
7.728825131265160131e-01 1.696314230346561942e+02 4.006159647644239818e+00 1.587343547246089850e-02 0.000000000000000000e+00 1.419693376512951022e-02 0.000000000000000000e+00 0.000000000000000000e+00 0.000000000000000000e+00 0.000000000000000000e+00 0.000000000000000000e+00 0.000000000000000000e+00 0.000000000000000000e+00 5.100749855376136566e+00 -9.863897221125216275e-01 0.000000000000000000e+00 -9.863897221125216275e-01 1.266920055116685928e+00 0.000000000000000000e+00 0.000000000000000000e+00 0.000000000000000000e+00 1.644649384795656033e+00 1.757241608773998109e+01 0.000000000000000000e+00 0.000000000000000000e+00
7.894422184658008712e-01 1.732659293587468881e+02 3.999549134411382045e+00 1.568989864982982957e-02 0.000000000000000000e+00 1.396159235103315924e-02 0.000000000000000000e+00 0.000000000000000000e+00 0.000000000000000000e+00 0.000000000000000000e+00 0.000000000000000000e+00 0.000000000000000000e+00 0.000000000000000000e+00 5.094714314018649048e+00 -9.866342775757851458e-01 0.000000000000000000e+00 -9.866342775757851458e-01 1.267338854233879042e+00 0.000000000000000000e+00 0.000000000000000000e+00 0.000000000000000000e+00 1.637045100570236000e+00 1.762358159542926828e+01 0.000000000000000000e+00 0.000000000000000000e+00
8.060626417617862138e-01 1.769137619946947950e+02 3.993355888823730826e+00 1.552230630892660959e-02 0.000000000000000000e+00 1.374429373082093966e-02 0.000000000000000000e+00 0.000000000000000000e+00 0.000000000000000000e+00 0.000000000000000000e+00 0.000000000000000000e+00 0.000000000000000000e+00 0.000000000000000000e+00 5.088957918036235206e+00 -9.868598354339964684e-01 0.000000000000000000e+00 -9.868598354339964684e-01 1.267734323300480970e+00 0.000000000000000000e+00 0.000000000000000000e+00 0.000000000000000000e+00 1.630019536310745920e+00 1.767410904811406169e+01 0.000000000000000000e+00 0.000000000000000000e+00
8.227389902296380342e-01 1.805738690272374072e+02 3.987592566257940785e+00 1.537044422824136031e-02 0.000000000000000000e+00 1.354507711625183020e-02 0.000000000000000000e+00 0.000000000000000000e+00 0.000000000000000000e+00 0.000000000000000000e+00 0.000000000000000000e+00 0.000000000000000000e+00 0.000000000000000000e+00 5.083508643472303135e+00 -9.870665777623971460e-01 0.000000000000000000e+00 -9.870665777623971460e-01 1.268105345711221910e+00 0.000000000000000000e+00 0.000000000000000000e+00 0.000000000000000000e+00 1.623571143332356970e+00 1.772404441070172965e+01 0.000000000000000000e+00 0.000000000000000000e+00
8.394664549575373558e-01 1.842451950015787077e+02 3.982276557671303951e+00 1.523371883791295976e-02 0.000000000000000000e+00 1.336345454298618063e-02 0.000000000000000000e+00 0.000000000000000000e+00 0.000000000000000000e+00 0.000000000000000000e+00 0.000000000000000000e+00 0.000000000000000000e+00 0.000000000000000000e+00 5.078401477414897336e+00 -9.872556384325167356e-01 0.000000000000000000e+00 -9.872556384325167356e-01 1.268451785216897054e+00 0.000000000000000000e+00 0.000000000000000000e+00 0.000000000000000000e+00 1.617699852710813069e+00 1.777343393094755086e+01 0.000000000000000000e+00 0.000000000000000000e+00
8.562402122934127391e-01 1.879266812277481904e+02 3.977428949154596882e+00 1.511162627503804916e-02 0.000000000000000000e+00 1.319925843295684936e-02 0.000000000000000000e+00 0.000000000000000000e+00 0.000000000000000000e+00 0.000000000000000000e+00 0.000000000000000000e+00 0.000000000000000000e+00 0.000000000000000000e+00 5.073674491380915086e+00 -9.874261650250665268e-01 0.000000000000000000e+00 -9.874261650250665268e-01 1.268773629354966070e+00 0.000000000000000000e+00 0.000000000000000000e+00 0.000000000000000000e+00 1.612409777573313052e+00 1.782232353096949851e+01 0.000000000000000000e+00 0.000000000000000000e+00
8.730554252359232770e-01 1.916172660858919983e+02 3.973068520038903984e+00 1.500410320188167931e-02 0.000000000000000000e+00 1.305300606166309024e-02 0.000000000000000000e+00 0.000000000000000000e+00 0.000000000000000000e+00 0.000000000000000000e+00 0.000000000000000000e+00 0.000000000000000000e+00 0.000000000000000000e+00 5.069365899764227912e+00 -9.875772744530527669e-01 0.000000000000000000e+00 -9.875772744530527669e-01 1.269070196633035996e+00 0.000000000000000000e+00 0.000000000000000000e+00 0.000000000000000000e+00 1.607700943680544059e+00 1.787076090747170909e+01 0.000000000000000000e+00 0.000000000000000000e+00
8.899072448292910664e-01 1.953158853324092092e+02 3.969211970909726883e+00 1.491091911444446944e-02 0.000000000000000000e+00 1.292529534371058934e-02 0.000000000000000000e+00 0.000000000000000000e+00 0.000000000000000000e+00 0.000000000000000000e+00 0.000000000000000000e+00 0.000000000000000000e+00 0.000000000000000000e+00 5.065514954093125688e+00 -9.877094222205903273e-01 0.000000000000000000e+00 -9.877094222205903273e-01 1.269339557718780043e+00 0.000000000000000000e+00 0.000000000000000000e+00 0.000000000000000000e+00 1.603569430007550034e+00 1.791879696319141146e+01 0.000000000000000000e+00 0.000000000000000000e+00
9.067908115615809228e-01 1.990214724068447083e+02 3.965875579858400002e+00 1.483164040583904997e-02 0.000000000000000000e+00 1.281654101485873998e-02 0.000000000000000000e+00 0.000000000000000000e+00 0.000000000000000000e+00 0.000000000000000000e+00 0.000000000000000000e+00 0.000000000000000000e+00 0.000000000000000000e+00 5.062159554487583257e+00 -9.878236261174362376e-01 0.000000000000000000e+00 -9.878236261174362376e-01 1.269579061014447063e+00 0.000000000000000000e+00 0.000000000000000000e+00 0.000000000000000000e+00 1.600012544214769905e+00 1.796648532397444953e+01 0.000000000000000000e+00 0.000000000000000000e+00
9.237012567660244367e-01 2.027329587394509076e+02 3.963076522655556211e+00 1.476588056439446031e-02 0.000000000000000000e+00 1.272668308252048082e-02 0.000000000000000000e+00 0.000000000000000000e+00 0.000000000000000000e+00 0.000000000000000000e+00 0.000000000000000000e+00 0.000000000000000000e+00 0.000000000000000000e+00 5.059333448441294401e+00 -9.879189100865414241e-01 0.000000000000000000e+00 -9.879189100865414241e-01 1.269785633774648037e+00 0.000000000000000000e+00 0.000000000000000000e+00 0.000000000000000000e+00 1.597033963095169984e+00 1.801388118303852082e+01 0.000000000000000000e+00 0.000000000000000000e+00
9.406337040249834747e-01 2.064492740593269957e+02 3.960826741570981024e+00 1.471347401158567929e-02 0.000000000000000000e+00 1.265518831472065009e-02 0.000000000000000000e+00 0.000000000000000000e+00 0.000000000000000000e+00 0.000000000000000000e+00 0.000000000000000000e+00 0.000000000000000000e+00 0.000000000000000000e+00 5.057056315705303895e+00 -9.879940832171615339e-01 0.000000000000000000e+00 -9.879940832171615339e-01 1.269955936166075938e+00 0.000000000000000000e+00 0.000000000000000000e+00 0.000000000000000000e+00 1.594641231270581105e+00 1.806103905386246922e+01 0.000000000000000000e+00 0.000000000000000000e+00
9.575832705761491148e-01 2.101693467030513034e+02 3.959132902682108046e+00 1.467434997944652014e-02 0.000000000000000000e+00 1.260179133814010033e-02 0.000000000000000000e+00 0.000000000000000000e+00 0.000000000000000000e+00 0.000000000000000000e+00 0.000000000000000000e+00 0.000000000000000000e+00 0.000000000000000000e+00 5.055338492950990137e+00 -9.880492623151371223e-01 0.000000000000000000e+00 -9.880492623151371223e-01 1.270086368580048974e+00 0.000000000000000000e+00 0.000000000000000000e+00 0.000000000000000000e+00 1.592840943833178091e+00 1.810801235005790133e+01 0.000000000000000000e+00 0.000000000000000000e+00
9.745450687205705620e-01 2.138921039237129094e+02 3.958001763481843849e+00 1.464824658516173002e-02 0.000000000000000000e+00 1.256623196265201081e-02 0.000000000000000000e+00 0.000000000000000000e+00 0.000000000000000000e+00 0.000000000000000000e+00 0.000000000000000000e+00 0.000000000000000000e+00 0.000000000000000000e+00 5.054189563167819088e+00 -9.880849566420756291e-01 0.000000000000000000e+00 -9.880849566420756291e-01 1.270174048185038984e+00 0.000000000000000000e+00 0.000000000000000000e+00 0.000000000000000000e+00 1.591639915610830958e+00 1.815485408670489065e+01 0.000000000000000000e+00 0.000000000000000000e+00
9.915142072321062594e-01 2.176164722002569079e+02 3.957436500057335937e+00 1.463512699865542055e-02 0.000000000000000000e+00 1.254835387126005015e-02 0.000000000000000000e+00 0.000000000000000000e+00 0.000000000000000000e+00 0.000000000000000000e+00 0.000000000000000000e+00 0.000000000000000000e+00 0.000000000000000000e+00 5.053615361965189123e+00 -9.881019790098310995e-01 0.000000000000000000e+00 -9.881019790098310995e-01 1.270217914113703106e+00 0.000000000000000000e+00 0.000000000000000000e+00 0.000000000000000000e+00 1.591039724035778979e+00 1.820161655138758050e+01 0.000000000000000000e+00 0.000000000000000000e+00
