# y, y+, tke, epsilon, grad_u_11, grad_u_12, grad_u_13, grad_u_21, grad_u_22, grad_u_23, grad_u_31, grad_u_32, grad_u_33, uu_11, uu_12, uu_13, uu_21, uu_22, uu_23, uu_31, uu_32, uu_33, u_1, u_2, u_3
0.000000000000000000e+00 0.000000000000000000e+00 7.125340751136554245e-36 2.490180081760423880e-01 0.000000000000000000e+00 1.000000000000000000e+00 0.000000000000000000e+00 0.000000000000000000e+00 0.000000000000000000e+00 0.000000000000000000e+00 0.000000000000000000e+00 0.000000000000000000e+00 0.000000000000000000e+00 0.000000000000000000e+00 0.000000000000000000e+00 0.000000000000000000e+00 0.000000000000000000e+00 0.000000000000000000e+00 0.000000000000000000e+00 0.000000000000000000e+00 0.000000000000000000e+00 1.425068150227311116e-35 0.000000000000000000e+00 0.000000000000000000e+00 0.000000000000000000e+00
4.814781378392751776e-05 4.473535515368328580e-03 2.490661886282580940e-06 2.488030634981298894e-01 0.000000000000000000e+00 9.999999999186288679e-01 0.000000000000000000e+00 0.000000000000000000e+00 0.000000000000000000e+00 0.000000000000000000e+00 0.000000000000000000e+00 0.000000000000000000e+00 0.000000000000000000e+00 3.452611444956582042e-06 -9.953274406688400046e-11 0.000000000000000000e+00 -9.953274406688400046e-11 6.840038209023697676e-14 0.000000000000000000e+00 0.000000000000000000e+00 0.000000000000000000e+00 1.528712259208197917e-06 4.473535515307076361e-03 0.000000000000000000e+00 0.000000000000000000e+00
2.407066139520352976e-04 2.236466210347309858e-02 6.214260464052140994e-05 2.479509744528287929e-01 0.000000000000000000e+00 9.999999877392161673e-01 0.000000000000000000e+00 0.000000000000000000e+00 0.000000000000000000e+00 0.000000000000000000e+00 0.000000000000000000e+00 0.000000000000000000e+00 0.000000000000000000e+00 8.625131728007466125e-05 -1.245808098267655078e-08 0.000000000000000000e+00 -1.245808098267655078e-08 4.249568155808983145e-11 0.000000000000000000e+00 0.000000000000000000e+00 0.000000000000000000e+00 3.803384950528657696e-05 2.236466203545893830e-02 0.000000000000000000e+00 0.000000000000000000e+00
6.738422300787139108e-04 6.260839093421922963e-02 4.851301848981665055e-04 2.460769032966423908e-01 0.000000000000000000e+00 9.999997268867222289e-01 0.000000000000000000e+00 0.000000000000000000e+00 0.000000000000000000e+00 0.000000000000000000e+00 0.000000000000000000e+00 0.000000000000000000e+00 0.000000000000000000e+00 6.752324205353793084e-04 -2.743622344003174924e-07 0.000000000000000000e+00 -2.743622344003174924e-07 2.578128814918882805e-09 0.000000000000000000e+00 0.000000000000000000e+00 0.000000000000000000e+00 2.950253711321387221e-04 6.260838667370624555e-02 0.000000000000000000e+00 0.000000000000000000e+00
1.443558326269966940e-03 1.341246659724782131e-01 2.211490701011468909e-03 2.428995280816146907e-01 0.000000000000000000e+00 9.999972887728999504e-01 0.000000000000000000e+00 0.000000000000000000e+00 0.000000000000000000e+00 0.000000000000000000e+00 0.000000000000000000e+00 0.000000000000000000e+00 0.000000000000000000e+00 3.093359873337859882e-03 -2.715371143575455032e-06 0.000000000000000000e+00 -2.715371143575455032e-06 5.312797160057503798e-08 0.000000000000000000e+00 0.000000000000000000e+00 0.000000000000000000e+00 1.329568400713477096e-03 1.341245753607598901e-01 0.000000000000000000e+00 0.000000000000000000e+00
2.645631688031890860e-03 2.458123513168803953e-01 7.352469167594462979e-03 2.383226653879250978e-01 0.000000000000000000e+00 9.999831303772672708e-01 0.000000000000000000e+00 0.000000000000000000e+00 0.000000000000000000e+00 0.000000000000000000e+00 0.000000000000000000e+00 0.000000000000000000e+00 0.000000000000000000e+00 1.036303288622631054e-02 -1.688225416984767013e-05 0.000000000000000000e+00 -1.688225416984767013e-05 5.792636514843281149e-07 0.000000000000000000e+00 0.000000000000000000e+00 0.000000000000000000e+00 4.341326185311131410e-03 2.458113194396925882e-01 0.000000000000000000e+00 0.000000000000000000e+00
4.375547662071155308e-03 4.065432327479078789e-01 1.982960203913888830e-02 2.324740429835016053e-01 0.000000000000000000e+00 9.999226294586531782e-01 0.000000000000000000e+00 0.000000000000000000e+00 0.000000000000000000e+00 0.000000000000000000e+00 0.000000000000000000e+00 0.000000000000000000e+00 0.000000000000000000e+00 2.824937682918444992e-02 -7.740558842289310161e-05 0.000000000000000000e+00 -7.740558842289310161e-05 4.126798444280630375e-06 0.000000000000000000e+00 0.000000000000000000e+00 0.000000000000000000e+00 1.140570045064905058e-02 4.065354231473300994e-01 0.000000000000000000e+00 0.000000000000000000e+00
6.728435792545117700e-03 6.251560375286207005e-01 4.604671264612174991e-02 2.256700843162980918e-01 0.000000000000000000e+00 9.997139525587912523e-01 0.000000000000000000e+00 0.000000000000000000e+00 0.000000000000000000e+00 0.000000000000000000e+00 0.000000000000000000e+00 0.000000000000000000e+00 0.000000000000000000e+00 6.652231777644262989e-02 -2.861301381201513836e-04 0.000000000000000000e+00 -2.861301381201513836e-04 2.159725716771177114e-05 0.000000000000000000e+00 0.000000000000000000e+00 0.000000000000000000e+00 2.554951025863315059e-02 6.251117517394423340e-01 0.000000000000000000e+00 0.000000000000000000e+00
9.750857883363828194e-03 9.059769409737693513e-01 9.461453816102838310e-02 2.184078753544420881e-01 0.000000000000000000e+00 9.991137219954867588e-01 0.000000000000000000e+00 0.000000000000000000e+00 0.000000000000000000e+00 0.000000000000000000e+00 0.000000000000000000e+00 0.000000000000000000e+00 0.000000000000000000e+00 1.390310153354293865e-01 -8.864507191874609936e-04 0.000000000000000000e+00 -8.864507191874609936e-04 8.757240684524359190e-05 0.000000000000000000e+00 0.000000000000000000e+00 0.000000000000000000e+00 5.011048857978209897e-02 9.057785083829588135e-01 0.000000000000000000e+00 0.000000000000000000e+00
1.344077661230324953e-02 1.248816650307436937e+00 1.753073720015523862e-01 2.110775354809593107e-01 0.000000000000000000e+00 9.976410932692463263e-01 0.000000000000000000e+00 0.000000000000000000e+00 0.000000000000000000e+00 0.000000000000000000e+00 0.000000000000000000e+00 0.000000000000000000e+00 0.000000000000000000e+00 2.626122228076375187e-01 -2.359235424691831940e-03 0.000000000000000000e+00 -2.359235424691831940e-03 2.856771169767795228e-04 0.000000000000000000e+00 0.000000000000000000e+00 0.000000000000000000e+00 8.771684407849043852e-02 1.248089077742575936e+00 0.000000000000000000e+00 0.000000000000000000e+00
1.779570471808555876e-02 1.653444067774858084e+00 2.986744261743706219e-01 2.036703784573382914e-01 0.000000000000000000e+00 9.944662704943635356e-01 0.000000000000000000e+00 0.000000000000000000e+00 0.000000000000000000e+00 0.000000000000000000e+00 0.000000000000000000e+00 0.000000000000000000e+00 0.000000000000000000e+00 4.567041871396125274e-01 -5.534307605235309381e-03 0.000000000000000000e+00 -5.534307605235309381e-03 7.804945405090631377e-04 0.000000000000000000e+00 0.000000000000000000e+00 0.000000000000000000e+00 1.398641706686196973e-01 1.651179349783246986e+00 0.000000000000000000e+00 0.000000000000000000e+00
2.281270667696611021e-02 2.119586446418364911e+00 4.749947880192049166e-01 1.958269015894376075e-01 0.000000000000000000e+00 9.883305684902620181e-01 0.000000000000000000e+00 0.000000000000000000e+00 0.000000000000000000e+00 0.000000000000000000e+00 0.000000000000000000e+00 0.000000000000000000e+00 0.000000000000000000e+00 7.415457472861074484e-01 -1.167038255165015956e-02 0.000000000000000000e+00 -1.167038255165015956e-02 1.845912718344232956e-03 0.000000000000000000e+00 0.000000000000000000e+00 0.000000000000000000e+00 2.065979160339581899e-01 2.113425823857622010e+00 0.000000000000000000e+00 0.000000000000000000e+00
2.848840068147994939e-02 2.646929573927748969e+00 7.125619693787732523e-01 1.871123602113392015e-01 0.000000000000000000e+00 9.775643549881044558e-01 0.000000000000000000e+00 0.000000000000000000e+00 0.000000000000000000e+00 0.000000000000000000e+00 0.000000000000000000e+00 0.000000000000000000e+00 0.000000000000000000e+00 1.134727861231483059e+00 -2.243712362737387139e-02 0.000000000000000000e+00 -2.243712362737387139e-02 3.878280844506099174e-03 0.000000000000000000e+00 0.000000000000000000e+00 0.000000000000000000e+00 2.865177966815579125e-01 2.631966370914787134e+00 0.000000000000000000e+00 0.000000000000000000e+00
3.481896092001469240e-02 3.235117984441154171e+00 1.015278112458980031e+00 1.774446883926233121e-01 0.000000000000000000e+00 9.602683299841219267e-01 0.000000000000000000e+00 0.000000000000000000e+00 0.000000000000000000e+00 0.000000000000000000e+00 0.000000000000000000e+00 0.000000000000000000e+00 0.000000000000000000e+00 1.646074650849058019e+00 -3.973385941516696662e-02 0.000000000000000000e+00 -3.973385941516696662e-02 7.386563041896092134e-03 0.000000000000000000e+00 0.000000000000000000e+00 0.000000000000000000e+00 3.770950110270054889e-01 3.202151086281827208e+00 0.000000000000000000e+00 0.000000000000000000e+00
4.180012015567313721e-02 3.883755198153751031e+00 1.380135179864816930e+00 1.673982705983456110e-01 0.000000000000000000e+00 9.346701947551362410e-01 0.000000000000000000e+00 0.000000000000000000e+00 0.000000000000000000e+00 0.000000000000000000e+00 0.000000000000000000e+00 0.000000000000000000e+00 0.000000000000000000e+00 2.272100439370329905e+00 -6.533290673158283213e-02 0.000000000000000000e+00 -6.533290673158283213e-02 1.295939950339203978e-02 0.000000000000000000e+00 0.000000000000000000e+00 0.000000000000000000e+00 4.752105208559115890e-01 3.817075516949009817e+00 0.000000000000000000e+00 0.000000000000000000e+00
4.942717260268714163e-02 4.592403988572637985e+00 1.795721996379441077e+00 1.580982044918642082e-01 0.000000000000000000e+00 8.995754981803211203e-01 0.000000000000000000e+00 0.000000000000000000e+00 0.000000000000000000e+00 0.000000000000000000e+00 0.000000000000000000e+00 0.000000000000000000e+00 0.000000000000000000e+00 2.992475369289194997e+00 -1.004287182536287987e-01 0.000000000000000000e+00 -1.004287182536287987e-01 2.121656036460724953e-02 0.000000000000000000e+00 0.000000000000000000e+00 0.000000000000000000e+00 5.777520631050800937e-01 4.467398268265264427e+00 0.000000000000000000e+00 0.000000000000000000e+00
5.769497709844340072e-02 5.360586677237812125e+00 2.242834732932663222e+00 1.507156513306220913e-01 0.000000000000000000e+00 8.547559641142724596e-01 0.000000000000000000e+00 0.000000000000000000e+00 0.000000000000000000e+00 0.000000000000000000e+00 0.000000000000000000e+00 0.000000000000000000e+00 0.000000000000000000e+00 3.770824310311622796e+00 -1.452495618334403993e-01 0.000000000000000000e+00 -1.452495618334403993e-01 3.275603987431827124e-02 0.000000000000000000e+00 0.000000000000000000e+00 0.000000000000000000e+00 6.820891156793847943e-01 5.141607119405126269e+00 0.000000000000000000e+00 0.000000000000000000e+00
6.659796056898437122e-02 6.187785455710644200e+00 2.697398192674004047e+00 1.459038040914512058e-01 0.000000000000000000e+00 8.011209128214821229e-01 0.000000000000000000e+00 0.000000000000000000e+00 0.000000000000000000e+00 0.000000000000000000e+00 0.000000000000000000e+00 0.000000000000000000e+00 0.000000000000000000e+00 4.560388500090993169e+00 -1.988861153196959941e-01 0.000000000000000000e+00 -1.988861153196959941e-01 4.810672650335384715e-02 0.000000000000000000e+00 0.000000000000000000e+00 0.000000000000000000e+00 7.863011587536614666e-01 5.826766319802442418e+00 0.000000000000000000e+00 0.000000000000000000e+00
7.613012178564637633e-02 7.073442734612656047e+00 3.134764932789249947e+00 1.435408480848504031e-01 0.000000000000000000e+00 7.406032746140386314e-01 0.000000000000000000e+00 0.000000000000000000e+00 0.000000000000000000e+00 0.000000000000000000e+00 0.000000000000000000e+00 0.000000000000000000e+00 0.000000000000000000e+00 5.312696481256239167e+00 -2.594054613599082182e-01 0.000000000000000000e+00 -2.594054613599082182e-01 6.769175671401704564e-02 0.000000000000000000e+00 0.000000000000000000e+00 0.000000000000000000e+00 8.891416276082427794e-01 6.509610300459608645e+00 0.000000000000000000e+00 0.000000000000000000e+00
8.628503541030430046e-02 8.016961519479471221e+00 3.533851215145793034e+00 1.428806584164603877e-01 0.000000000000000000e+00 6.758076601177970266e-01 0.000000000000000000e+00 0.000000000000000000e+00 0.000000000000000000e+00 0.000000000000000000e+00 0.000000000000000000e+00 0.000000000000000000e+00 0.000000000000000000e+00 5.986078943385003015e+00 -3.242030099323245929e-01 0.000000000000000000e+00 -3.242030099323245929e-01 9.180254048788528964e-02 0.000000000000000000e+00 0.000000000000000000e+00 0.000000000000000000e+00 9.898209464186971118e-01 7.177729840701838171e+00 0.000000000000000000e+00 0.000000000000000000e+00
9.705585632649549321e-02 9.017705813176515761e+00 3.879833564175426019e+00 1.429358455506375969e-01 0.000000000000000000e+00 6.095487967453040445e-01 0.000000000000000000e+00 0.000000000000000000e+00 0.000000000000000000e+00 0.000000000000000000e+00 0.000000000000000000e+00 0.000000000000000000e+00 0.000000000000000000e+00 6.551347633405676163e+00 -3.904640425732555098e-01 0.000000000000000000e+00 -3.904640425732555098e-01 1.205808978388677039e-01 0.000000000000000000e+00 0.000000000000000000e+00 0.000000000000000000e+00 1.087738597106308047e+00 7.820579703977930563e+00 0.000000000000000000e+00 0.000000000000000000e+00
1.084353242535029960e-01 1.007500104460519985e+01 4.164948626250290609e+00 1.428397492393383983e-01 0.000000000000000000e+00 5.444227065562593504e-01 0.000000000000000000e+00 0.000000000000000000e+00 0.000000000000000000e+00 0.000000000000000000e+00 0.000000000000000000e+00 0.000000000000000000e+00 0.000000000000000000e+00 6.993612918633828279e+00 -4.555925025276197915e-01 0.000000000000000000e+00 -4.555925025276197915e-01 1.540075301844472944e-01 0.000000000000000000e+00 0.000000000000000000e+00 0.000000000000000000e+00 1.182276803682305033e+00 8.430117404555083738e+00 0.000000000000000000e+00 0.000000000000000000e+00
1.204157686402891059e-01 1.118813452341071013e+01 4.387729403020983021e+00 1.420362330303190090e-01 0.000000000000000000e+00 4.825103969938709936e-01 0.000000000000000000e+00 0.000000000000000000e+00 0.000000000000000000e+00 0.000000000000000000e+00 0.000000000000000000e+00 0.000000000000000000e+00 0.000000000000000000e+00 7.310849205816921881e+00 -5.175072560119270415e-01 0.000000000000000000e+00 -5.175072560119270415e-01 1.918975999012917100e-01 0.000000000000000000e+00 0.000000000000000000e+00 0.000000000000000000e+00 1.272712000323751980e+00 9.001011917378431093e+00 0.000000000000000000e+00 0.000000000000000000e+00
1.329891138359783065e-01 1.235635592038465980e+01 4.551395232280249559e+00 1.402919792121483933e-01 0.000000000000000000e+00 4.252477569050086004e-01 0.000000000000000000e+00 0.000000000000000000e+00 0.000000000000000000e+00 0.000000000000000000e+00 0.000000000000000000e+00 0.000000000000000000e+00 0.000000000000000000e+00 7.510645606733583612e+00 -5.747721903418798739e-01 0.000000000000000000e+00 -5.747721903418798739e-01 2.339059849045933004e-01 0.000000000000000000e+00 0.000000000000000000e+00 0.000000000000000000e+00 1.358238872922322926e+00 9.530479710722012499e+00 0.000000000000000000e+00 0.000000000000000000e+00
1.461468845334069899e-01 1.357887777323914058e+01 4.662076024407311614e+00 1.376093508169874968e-01 0.000000000000000000e+00 3.734387656471032102e-01 0.000000000000000000e+00 0.000000000000000000e+00 0.000000000000000000e+00 0.000000000000000000e+00 0.000000000000000000e+00 0.000000000000000000e+00 0.000000000000000000e+00 7.606547219577469932e+00 -6.265831197370698158e-01 0.000000000000000000e+00 -6.265831197370698158e-01 2.795442389229640945e-01 0.000000000000000000e+00 0.000000000000000000e+00 0.000000000000000000e+00 1.438060590314188092e+00 1.001787459684621950e+01 0.000000000000000000e+00 0.000000000000000000e+00
1.598802114820679909e-01 1.485487601741088959e+01 4.727298271892617976e+00 1.341196019786964899e-01 0.000000000000000000e+00 3.273598252388745244e-01 0.000000000000000000e+00 0.000000000000000000e+00 0.000000000000000000e+00 0.000000000000000000e+00 0.000000000000000000e+00 0.000000000000000000e+00 0.000000000000000000e+00 7.614897283954989327e+00 -6.726636379744939109e-01 0.000000000000000000e+00 -6.726636379744939109e-01 3.282088327863715849e-01 0.000000000000000000e+00 0.000000000000000000e+00 0.000000000000000000e+00 1.511490427043874929e+00 1.046417020439836953e+01 0.000000000000000000e+00 0.000000000000000000e+00
1.741798374666017890e-01 1.618349054153804900e+01 4.754895260361733378e+00 1.300003219850721092e-01 0.000000000000000000e+00 2.869009880837560256e-01 0.000000000000000000e+00 0.000000000000000000e+00 0.000000000000000000e+00 0.000000000000000000e+00 0.000000000000000000e+00 0.000000000000000000e+00 0.000000000000000000e+00 7.552544693186892921e+00 -7.131238924336840146e-01 0.000000000000000000e+00 -7.131238924336840146e-01 3.792175947322853902e-01 0.000000000000000000e+00 0.000000000000000000e+00 0.000000000000000000e+00 1.578028232804288944e+00 1.087144605285777921e+01 0.000000000000000000e+00 0.000000000000000000e+00
1.890361235468009937e-01 1.756382576723481037e+01 4.752326783521453990e+00 1.254266588461067922e-01 0.000000000000000000e+00 2.517043337165532080e-01 0.000000000000000000e+00 0.000000000000000000e+00 0.000000000000000000e+00 0.000000000000000000e+00 0.000000000000000000e+00 0.000000000000000000e+00 0.000000000000000000e+00 7.435404488557755265e+00 -7.483219151781155265e-01 0.000000000000000000e+00 -7.483219151781155265e-01 4.318497071100613205e-01 0.000000000000000000e+00 0.000000000000000000e+00 0.000000000000000000e+00 1.637399371375090951e+00 1.124244484798768084e+01 0.000000000000000000e+00 0.000000000000000000e+00
2.044390555549258082e-01 1.899495125277351093e+01 4.726312817108537345e+00 1.205504100190457062e-01 0.000000000000000000e+00 2.212783748776400994e-01 0.000000000000000000e+00 0.000000000000000000e+00 0.000000000000000000e+00 0.000000000000000000e+00 0.000000000000000000e+00 0.000000000000000000e+00 0.000000000000000000e+00 7.277681960876691392e+00 -7.787490459094210671e-01 0.000000000000000000e+00 -7.787490459094210671e-01 4.853843664361783272e-01 0.000000000000000000e+00 0.000000000000000000e+00 0.000000000000000000e+00 1.689559306904204972e+00 1.158022906997567070e+01 0.000000000000000000e+00 0.000000000000000000e+00
2.203782508459473932e-01 2.047590232026681889e+01 4.682675955789321165e+00 1.154975829370546991e-01 0.000000000000000000e+00 1.950814688223443116e-01 0.000000000000000000e+00 0.000000000000000000e+00 0.000000000000000000e+00 0.000000000000000000e+00 0.000000000000000000e+00 0.000000000000000000e+00 0.000000000000000000e+00 7.091546459448803574e+00 -8.049467944033212863e-01 0.000000000000000000e+00 -8.049467944033212863e-01 5.391341214511248259e-01 0.000000000000000000e+00 0.000000000000000000e+00 0.000000000000000000e+00 1.734671330678712931e+00 1.188793748193040045e+01 0.000000000000000000e+00 0.000000000000000000e+00
2.368429652961714094e-01 2.200568070592765935e+01 4.626316107589489413e+00 1.103716905090647987e-01 0.000000000000000000e+00 1.725755693342649888e-01 0.000000000000000000e+00 0.000000000000000000e+00 0.000000000000000000e+00 0.000000000000000000e+00 0.000000000000000000e+00 0.000000000000000000e+00 0.000000000000000000e+00 6.887094881584959971e+00 -8.274533053877891620e-01 0.000000000000000000e+00 -8.274533053877891620e-01 5.924705637625418131e-01 0.000000000000000000e+00 0.000000000000000000e+00 0.000000000000000000e+00 1.773066769831475931e+00 1.216862639691009917e+01 0.000000000000000000e+00 0.000000000000000000e+00
2.538221005455230106e-01 2.358325523296822013e+01 4.561262842559735020e+00 1.052567166024531986e-01 0.000000000000000000e+00 1.532572113241308931e-01 0.000000000000000000e+00 0.000000000000000000e+00 0.000000000000000000e+00 0.000000000000000000e+00 0.000000000000000000e+00 0.000000000000000000e+00 0.000000000000000000e+00 6.672486148285022622e+00 -8.467721753448472777e-01 0.000000000000000000e+00 -8.467721753448472777e-01 6.448415563422154051e-01 0.000000000000000000e+00 0.000000000000000000e+00 0.000000000000000000e+00 1.805197980492232013e+00 1.242517511506498984e+01 0.000000000000000000e+00 0.000000000000000000e+00
2.713042114786113901e-01 2.520756250668469889e+01 4.490761055827976023e+00 1.002206052640739059e-01 0.000000000000000000e+00 1.366739044470831055e-01 0.000000000000000000e+00 0.000000000000000000e+00 0.000000000000000000e+00 0.000000000000000000e+00 0.000000000000000000e+00 0.000000000000000000e+00 0.000000000000000000e+00 6.454150696666737907e+00 -8.633558289902211191e-01 0.000000000000000000e+00 -8.633558289902211191e-01 6.957804000446849990e-01 0.000000000000000000e+00 0.000000000000000000e+00 0.000000000000000000e+00 1.831591014944528029e+00 1.266023788475433065e+01 0.000000000000000000e+00 0.000000000000000000e+00
2.892775139395317163e-01 2.687750763125906062e+01 4.417366483008403399e+00 9.531974597369148594e-02 0.000000000000000000e+00 1.224303092331817944e-01 0.000000000000000000e+00 0.000000000000000000e+00 0.000000000000000000e+00 0.000000000000000000e+00 0.000000000000000000e+00 0.000000000000000000e+00 0.000000000000000000e+00 6.237022013079669414e+00 -8.775992225431450411e-01 0.000000000000000000e+00 -8.775992225431450411e-01 7.449084015976435991e-01 0.000000000000000000e+00 0.000000000000000000e+00 0.000000000000000000e+00 1.852802551339493897e+00 1.287622870895100924e+01 0.000000000000000000e+00 0.000000000000000000e+00
3.077298926752046748e-01 2.859196494779491005e+01 4.343048277399788049e+00 9.060033960126638586e-02 0.000000000000000000e+00 1.101862489673050977e-01 0.000000000000000000e+00 0.000000000000000000e+00 0.000000000000000000e+00 0.000000000000000000e+00 0.000000000000000000e+00 0.000000000000000000e+00 0.000000000000000000e+00 6.024776688569626337e+00 -8.898421095001175507e-01 0.000000000000000000e+00 -8.898421095001175507e-01 7.919324032412815573e-01 0.000000000000000000e+00 0.000000000000000000e+00 0.000000000000000000e+00 1.869387462988669091e+00 1.307532579719407018e+01 0.000000000000000000e+00 0.000000000000000000e+00
3.266489095018970112e-01 3.034977879308961946e+01 4.269292468042286792e+00 8.609709523870211212e-02 0.000000000000000000e+00 9.965020241020998426e-02 0.000000000000000000e+00 0.000000000000000000e+00 0.000000000000000000e+00 0.000000000000000000e+00 0.000000000000000000e+00 0.000000000000000000e+00 0.000000000000000000e+00 5.820066159033999931e+00 -9.003760304966140771e-01 0.000000000000000000e+00 -9.003760304966140771e-01 8.366384040276969580e-01 0.000000000000000000e+00 0.000000000000000000e+00 0.000000000000000000e+00 1.881880373022875919e+00 1.325948409913653947e+01 0.000000000000000000e+00 0.000000000000000000e+00
3.460218116894204221e-01 3.214976427863148700e+01 4.197194800822429350e+00 8.183426112897779214e-02 0.000000000000000000e+00 9.057254365117493877e-02 0.000000000000000000e+00 0.000000000000000000e+00 0.000000000000000000e+00 0.000000000000000000e+00 0.000000000000000000e+00 0.000000000000000000e+00 0.000000000000000000e+00 5.624722247517802032e+00 -9.094509203652959561e-01 0.000000000000000000e+00 -9.094509203652959561e-01 8.788825874141499295e-01 0.000000000000000000e+00 0.000000000000000000e+00 0.000000000000000000e+00 1.890784766712906961e+00 1.343044992026485929e+01 0.000000000000000000e+00 0.000000000000000000e+00
3.658355405573571750e-01 3.399070808929695175e+01 4.127540917286356859e+00 7.782607206195360505e-02 0.000000000000000000e+00 8.274017586990872752e-02 0.000000000000000000e+00 0.000000000000000000e+00 0.000000000000000000e+00 0.000000000000000000e+00 0.000000000000000000e+00 0.000000000000000000e+00 0.000000000000000000e+00 5.439932036734932197e+00 -9.172799276051204487e-01 0.000000000000000000e+00 -9.172799276051204487e-01 9.185814666629574798e-01 0.000000000000000000e+00 0.000000000000000000e+00 0.000000000000000000e+00 1.896568331174824040e+00 1.358977676568552972e+01 0.000000000000000000e+00 0.000000000000000000e+00
3.860767402775169277e-01 3.587136930120902178e+01 4.060870741464817080e+00 7.407918837528901235e-02 0.000000000000000000e+00 7.597230619625310044e-02 0.000000000000000000e+00 0.000000000000000000e+00 0.000000000000000000e+00 0.000000000000000000e+00 0.000000000000000000e+00 0.000000000000000000e+00 0.000000000000000000e+00 5.266374241007600432e+00 -9.240437817586155678e-01 0.000000000000000000e+00 -9.240437817586155678e-01 9.557020740204975606e-01 0.000000000000000000e+00 0.000000000000000000e+00 0.000000000000000000e+00 1.899665167901535945e+00 1.373884280717478035e+01 0.000000000000000000e+00 0.000000000000000000e+00
4.067317668766912142e-01 3.779048021820622694e+01 3.997529996361477878e+00 7.059496960782754571e-02 0.000000000000000000e+00 7.011607758975657578e-02 0.000000000000000000e+00 0.000000000000000000e+00 0.000000000000000000e+00 0.000000000000000000e+00 0.000000000000000000e+00 0.000000000000000000e+00 0.000000000000000000e+00 5.104328488454497048e+00 -9.298955326687765588e-01 0.000000000000000000e+00 -9.298955326687765588e-01 9.902525529020268502e-01 0.000000000000000000e+00 0.000000000000000000e+00 0.000000000000000000e+00 1.900478951366431080e+00 1.387886947698378926e+01 0.000000000000000000e+00 0.000000000000000000e+00
4.277866974336382855e-01 3.974674722635766955e+01 3.937715323778994136e+00 6.736982058564869313e-02 0.000000000000000000e+00 6.504108277043534059e-02 0.000000000000000000e+00 0.000000000000000000e+00 0.000000000000000000e+00 0.000000000000000000e+00 0.000000000000000000e+00 0.000000000000000000e+00 0.000000000000000000e+00 4.953778701199479606e+00 -9.349660565083275365e-01 0.000000000000000000e+00 -9.349660565083275365e-01 1.022273677365918898e+00 0.000000000000000000e+00 0.000000000000000000e+00 0.000000000000000000e+00 1.899378268992587993e+00 1.401093809227712939e+01 0.000000000000000000e+00 0.000000000000000000e+00
4.492273394640983741e-01 4.173885166594865836e+01 3.881515695721989179e+00 6.439494501413003946e-02 0.000000000000000000e+00 6.063484174273171129e-02 0.000000000000000000e+00 0.000000000000000000e+00 0.000000000000000000e+00 0.000000000000000000e+00 0.000000000000000000e+00 0.000000000000000000e+00 0.000000000000000000e+00 4.814505289721201287e+00 -9.393679000955320602e-01 0.000000000000000000e+00 -9.393679000955320602e-01 1.051831374028626920e+00 0.000000000000000000e+00 0.000000000000000000e+00 0.000000000000000000e+00 1.896694727694149041e+00 1.413600243665517020e+01 0.000000000000000000e+00 0.000000000000000000e+00
4.710392404875133887e-01 4.376545072034888761e+01 3.828941372301963852e+00 6.165661477913635807e-02 0.000000000000000000e+00 5.680081746461831949e-02 0.000000000000000000e+00 0.000000000000000000e+00 0.000000000000000000e+00 0.000000000000000000e+00 0.000000000000000000e+00 0.000000000000000000e+00 0.000000000000000000e+00 4.686144859215475300e+00 -9.431970819618866742e-01 0.000000000000000000e+00 -9.431970819618866742e-01 1.079010487615337910e+00 0.000000000000000000e+00 0.000000000000000000e+00 0.000000000000000000e+00 1.892727397773114939e+00 1.425489979837633925e+01 0.000000000000000000e+00 0.000000000000000000e+00
4.932076977690005859e-01 4.582517832116393208e+01 3.779932186125082083e+00 5.914256283826699323e-02 0.000000000000000000e+00 5.345811362104226777e-02 0.000000000000000000e+00 0.000000000000000000e+00 0.000000000000000000e+00 0.000000000000000000e+00 0.000000000000000000e+00 0.000000000000000000e+00 0.000000000000000000e+00 4.568217209626756592e+00 -9.465345234625858195e-01 0.000000000000000000e+00 -9.465345234625858195e-01 1.103911401317754004e+00 0.000000000000000000e+00 0.000000000000000000e+00 0.000000000000000000e+00 1.887735761305652904e+00 1.436836428484151007e+01 0.000000000000000000e+00 0.000000000000000000e+00
5.157177682300171373e-01 4.791664606906022073e+01 3.734376131693151191e+00 5.684077012598703904e-02 0.000000000000000000e+00 5.053848163966651735e-02 0.000000000000000000e+00 0.000000000000000000e+00 0.000000000000000000e+00 0.000000000000000000e+00 0.000000000000000000e+00 0.000000000000000000e+00 0.000000000000000000e+00 4.460166117530932617e+00 -9.494483949725909255e-01 0.000000000000000000e+00 -9.494483949725909255e-01 1.126647074489941058e+00 0.000000000000000000e+00 0.000000000000000000e+00 0.000000000000000000e+00 1.881939071365428928e+00 1.447704119192026972e+01 0.000000000000000000e+00 0.000000000000000000e+00
5.385542785210315486e-01 5.003844416964251707e+01 3.692132373440386139e+00 5.473710783756303988e-02 0.000000000000000000e+00 4.798293413744938313e-02 0.000000000000000000e+00 0.000000000000000000e+00 0.000000000000000000e+00 0.000000000000000000e+00 0.000000000000000000e+00 0.000000000000000000e+00 0.000000000000000000e+00 4.361397092833917633e+00 -9.519977899071463412e-01 0.000000000000000000e+00 -9.519977899071463412e-01 1.147338901614987972e+00 0.000000000000000000e+00 0.000000000000000000e+00 0.000000000000000000e+00 1.875528752431868007e+00 1.458149646723511950e+01 0.000000000000000000e+00 0.000000000000000000e+00
5.617018352494141942e-01 5.218914238375312209e+01 3.653041631543242129e+00 5.281928739086388935e-02 0.000000000000000000e+00 4.574213928716015787e-02 0.000000000000000000e+00 0.000000000000000000e+00 0.000000000000000000e+00 0.000000000000000000e+00 0.000000000000000000e+00 0.000000000000000000e+00 0.000000000000000000e+00 4.271292291715391265e+00 -9.542325790055380397e-01 0.000000000000000000e+00 -9.542325790055380397e-01 1.166112869512818007e+00 0.000000000000000000e+00 0.000000000000000000e+00 0.000000000000000000e+00 1.868678101858274099e+00 1.468222586870695068e+01 0.000000000000000000e+00 0.000000000000000000e+00
5.851448353556523152e-01 5.436729099155238032e+01 3.616943735784000857e+00 5.107473423454510913e-02 0.000000000000000000e+00 4.377478672367633022e-02 0.000000000000000000e+00 0.000000000000000000e+00 0.000000000000000000e+00 0.000000000000000000e+00 0.000000000000000000e+00 0.000000000000000000e+00 0.000000000000000000e+00 4.189244836627499247e+00 -9.561946372126560734e-01 0.000000000000000000e+00 -9.561946372126560734e-01 1.183095576066369947e+00 0.000000000000000000e+00 0.000000000000000000e+00 0.000000000000000000e+00 1.861547058874134075e+00 1.477966587316904068e+01 0.000000000000000000e+00 0.000000000000000000e+00
6.088674766308949104e-01 5.657142176973044201e+01 3.583688123747875931e+00 4.949015183115054728e-02 0.000000000000000000e+00 4.204484962525365660e-02 0.000000000000000000e+00 0.000000000000000000e+00 0.000000000000000000e+00 0.000000000000000000e+00 0.000000000000000000e+00 0.000000000000000000e+00 0.000000000000000000e+00 4.114685105238566898e+00 -9.579198953901886249e-01 0.000000000000000000e+00 -9.579198953901886249e-01 1.198410750705823036e+00 0.000000000000000000e+00 0.000000000000000000e+00 0.000000000000000000e+00 1.854280391551363039e+00 1.487420048890590074e+01 0.000000000000000000e+00 0.000000000000000000e+00
6.328537683687377458e-01 5.880004898119160117e+01 3.553133931753206909e+00 4.805325068026630037e-02 0.000000000000000000e+00 4.052155853363775123e-02 0.000000000000000000e+00 0.000000000000000000e+00 0.000000000000000000e+00 0.000000000000000000e+00 0.000000000000000000e+00 0.000000000000000000e+00 0.000000000000000000e+00 4.047085088314227086e+00 -9.594386998326502880e-01 0.000000000000000000e+00 -9.594386998326502880e-01 1.212176989550822093e+00 0.000000000000000000e+00 0.000000000000000000e+00 0.000000000000000000e+00 1.847005785641365083e+00 1.496616651242186968e+01 0.000000000000000000e+00 0.000000000000000000e+00
6.570875421440693920e-01 6.105167037654427986e+01 3.525151087820089124e+00 4.675287098717893081e-02 0.000000000000000000e+00 3.917911285121698783e-02 0.000000000000000000e+00 0.000000000000000000e+00 0.000000000000000000e+00 0.000000000000000000e+00 0.000000000000000000e+00 0.000000000000000000e+00 0.000000000000000000e+00 3.985964578122460189e+00 -9.607761420758212934e-01 0.000000000000000000e+00 -9.607761420758212934e-01 1.224506069718843904e+00 0.000000000000000000e+00 0.000000000000000000e+00 0.000000000000000000e+00 1.839831527798873045e+00 1.505586013585993932e+01 0.000000000000000000e+00 0.000000000000000000e+00
6.815524627117115486e-01 6.332476820672128781e+01 3.499619377102123785e+00 4.557973910673777246e-02 0.000000000000000000e+00 3.799572874056809241e-02 0.000000000000000000e+00 0.000000000000000000e+00 0.000000000000000000e+00 0.000000000000000000e+00 0.000000000000000000e+00 0.000000000000000000e+00 0.000000000000000000e+00 3.930889198022487818e+00 -9.619544513221374160e-01 0.000000000000000000e+00 -9.619544513221374160e-01 1.235503103347389109e+00 0.000000000000000000e+00 0.000000000000000000e+00 0.000000000000000000e+00 1.832846452834371087e+00 1.514354277415340988e+01 0.000000000000000000e+00 0.000000000000000000e+00
7.062320390175079732e-01 6.561781024604806589e+01 3.476426368916709198e+00 4.452647638304582656e-02 0.000000000000000000e+00 3.695352970141518173e-02 0.000000000000000000e+00 0.000000000000000000e+00 0.000000000000000000e+00 0.000000000000000000e+00 0.000000000000000000e+00 0.000000000000000000e+00 0.000000000000000000e+00 3.881460259985982209e+00 -9.629925943342140249e-01 0.000000000000000000e+00 -9.629925943342140249e-01 1.245266956393747959e+00 0.000000000000000000e+00 0.000000000000000000e+00 0.000000000000000000e+00 1.826125521453688005e+00 1.522944651870727917e+01 0.000000000000000000e+00 0.000000000000000000e+00
7.311096353144395099e-01 6.792925082506910428e+01 3.455468518717767168e+00 4.358555517792495060e-02 0.000000000000000000e+00 3.603783202504821231e-02 0.000000000000000000e+00 0.000000000000000000e+00 0.000000000000000000e+00 0.000000000000000000e+00 0.000000000000000000e+00 0.000000000000000000e+00 0.000000000000000000e+00 3.837311977628726112e+00 -9.639052745798937227e-01 0.000000000000000000e+00 -9.639052745798937227e-01 1.253889683623216067e+00 0.000000000000000000e+00 0.000000000000000000e+00 0.000000000000000000e+00 1.819735376183593045e+00 1.531377968510335030e+01 0.000000000000000000e+00 0.000000000000000000e+00
7.561684823762714336e-01 7.025753187243640241e+01 3.436649232834037893e+00 4.274980793874354201e-02 0.000000000000000000e+00 3.523598818438666846e-02 0.000000000000000000e+00 0.000000000000000000e+00 0.000000000000000000e+00 0.000000000000000000e+00 0.000000000000000000e+00 0.000000000000000000e+00 0.000000000000000000e+00 3.798113058344771087e+00 -9.647043824614371932e-01 0.000000000000000000e+00 -9.647043824614371932e-01 1.261456542845013962e+00 0.000000000000000000e+00 0.000000000000000000e+00 0.000000000000000000e+00 1.813728864478290959e+00 1.539673038412830941e+01 0.000000000000000000e+00 0.000000000000000000e+00
7.813916888011761541e-01 7.260108396515768447e+01 3.419882357502160186e+00 4.201347532208783708e-02 0.000000000000000000e+00 3.453718427491876686e-02 0.000000000000000000e+00 0.000000000000000000e+00 0.000000000000000000e+00 0.000000000000000000e+00 0.000000000000000000e+00 0.000000000000000000e+00 0.000000000000000000e+00 3.763580459093295971e+00 -9.654005855667788794e-01 0.000000000000000000e+00 -9.654005855667788794e-01 1.268046483965926008e+00 0.000000000000000000e+00 0.000000000000000000e+00 0.000000000000000000e+00 1.808137771945097949e+00 1.547846887064791055e+01 0.000000000000000000e+00 0.000000000000000000e+00
8.067622523977100446e-01 7.495832738649642124e+01 3.405099065983995033e+00 4.137206602983887344e-02 0.000000000000000000e+00 3.393294900768945715e-02 0.000000000000000000e+00 0.000000000000000000e+00 0.000000000000000000e+00 0.000000000000000000e+00 0.000000000000000000e+00 0.000000000000000000e+00 0.000000000000000000e+00 3.733471361063664062e+00 -9.660023795644920863e-01 0.000000000000000000e+00 -9.660023795644920863e-01 1.273731065815127073e+00 0.000000000000000000e+00 0.000000000000000000e+00 0.000000000000000000e+00 1.802995705089200040e+00 1.555915070563738034e+01 0.000000000000000000e+00 0.000000000000000000e+00
8.322630716454700872e-01 7.732767319081047219e+01 3.392251654775071845e+00 4.082072388872017010e-02 0.000000000000000000e+00 3.341703090426086792e-02 0.000000000000000000e+00 0.000000000000000000e+00 0.000000000000000000e+00 0.000000000000000000e+00 0.000000000000000000e+00 0.000000000000000000e+00 0.000000000000000000e+00 3.707569772335360003e+00 -9.665153719471222260e-01 0.000000000000000000e+00 -9.665153719471222260e-01 1.278573326981077951e+00 0.000000000000000000e+00 0.000000000000000000e+00 0.000000000000000000e+00 1.798360210233707068e+00 1.563892100245914030e+01 0.000000000000000000e+00 0.000000000000000000e+00
8.578769572227056273e-01 7.970752427461178513e+01 3.381305726641567144e+00 4.035443118409526991e-02 0.000000000000000000e+00 3.298449332124696320e-02 0.000000000000000000e+00 0.000000000000000000e+00 0.000000000000000000e+00 0.000000000000000000e+00 0.000000000000000000e+00 0.000000000000000000e+00 0.000000000000000000e+00 3.685683827971808935e+00 -9.669444887725615612e-01 0.000000000000000000e+00 -9.669444887725615612e-01 1.282627501857152019e+00 0.000000000000000000e+00 0.000000000000000000e+00 0.000000000000000000e+00 1.794300123454172891e+00 1.571791740792859038e+01 0.000000000000000000e+00 0.000000000000000000e+00
8.835866435931136742e-01 8.209627645312491495e+01 3.372228965024060887e+00 3.996990756600850292e-02 0.000000000000000000e+00 3.263145089243348063e-02 0.000000000000000000e+00 0.000000000000000000e+00 0.000000000000000000e+00 0.000000000000000000e+00 0.000000000000000000e+00 0.000000000000000000e+00 0.000000000000000000e+00 3.667647131195192145e+00 -9.672942660501241408e-01 0.000000000000000000e+00 -9.672942660501241408e-01 1.285939019542231998e+00 0.000000000000000000e+00 0.000000000000000000e+00 0.000000000000000000e+00 1.790871779310700074e+00 1.579627179868088049e+01 0.000000000000000000e+00 0.000000000000000000e+00
9.093748006440093290e-01 8.449231954161895430e+01 3.364995254134703906e+00 3.966497664770433224e-02 0.000000000000000000e+00 3.235446338080302797e-02 0.000000000000000000e+00 0.000000000000000000e+00 0.000000000000000000e+00 0.000000000000000000e+00 0.000000000000000000e+00 0.000000000000000000e+00 0.000000000000000000e+00 3.653336831595423106e+00 -9.675691593954823810e-01 0.000000000000000000e+00 -9.675691593954823810e-01 1.288544586008955051e+00 0.000000000000000000e+00 0.000000000000000000e+00 0.000000000000000000e+00 1.788109090665030099e+00 1.587411133821404086e+01 0.000000000000000000e+00 0.000000000000000000e+00
9.352240453680229493e-01 8.689403844078367456e+01 3.359589952620256170e+00 3.943762092534421754e-02 0.000000000000000000e+00 3.215020478013132232e-02 0.000000000000000000e+00 0.000000000000000000e+00 0.000000000000000000e+00 0.000000000000000000e+00 0.000000000000000000e+00 0.000000000000000000e+00 0.000000000000000000e+00 3.642675935753323824e+00 -9.677732355691891497e-01 0.000000000000000000e+00 -9.677732355691891497e-01 1.290473024690937054e+00 0.000000000000000000e+00 0.000000000000000000e+00 0.000000000000000000e+00 1.786030944796249909e+00 1.595155802626450026e+01 0.000000000000000000e+00 0.000000000000000000e+00
9.611169535804547914e-01 8.929981422541864333e+01 3.356000400448766907e+00 3.928660012737480306e-02 0.000000000000000000e+00 3.201614512977757343e-02 0.000000000000000000e+00 0.000000000000000000e+00 0.000000000000000000e+00 0.000000000000000000e+00 0.000000000000000000e+00 0.000000000000000000e+00 0.000000000000000000e+00 3.635606588496512970e+00 -9.679083695057939529e-01 0.000000000000000000e+00 -9.679083695057939529e-01 1.291746370776474029e+00 0.000000000000000000e+00 0.000000000000000000e+00 0.000000000000000000e+00 1.784647841624547038e+00 1.602872905502876932e+01 0.000000000000000000e+00 0.000000000000000000e+00
9.870360716643836740e-01 9.170802523570104370e+01 3.354210757844387825e+00 3.921148998126720853e-02 0.000000000000000000e+00 3.195006634726090672e-02 0.000000000000000000e+00 0.000000000000000000e+00 0.000000000000000000e+00 0.000000000000000000e+00 0.000000000000000000e+00 0.000000000000000000e+00 0.000000000000000000e+00 3.632082397594191825e+00 -9.679754580081365578e-01 0.000000000000000000e+00 -9.679754580081365578e-01 1.292379463570975995e+00 0.000000000000000000e+00 0.000000000000000000e+00 0.000000000000000000e+00 1.783959654523608052e+00 1.610573770194499943e+01 0.000000000000000000e+00 0.000000000000000000e+00
